diff_list_when_ell2_equals:=table():
diff_list_when_ell2_equals[1]:=[
[[],[]],
[[[0]],[[0]]],
[[[0],[0]],[[1,0]]],
[[[0],[0],[0]],[[0],[1,0]]],
[[[0],[0],[0],[0]],[[1,0],[1,0]]],
[[[0],[0],[0],[0],[0]],[[0],[1,0],[1,0]]],
[[[0],[0],[0],[0],[0],[0]],[[1,0],[1,0],[1,0]]],
[[[0],[0],[0],[0],[0],[0],[0]],[[0],[1,0],[1,0],[1,0]]],
[[[0],[0],[0],[0],[0],[0],[0],[0]],[[1,0],[1,0],[1,0],[1,0]]],
[[[0],[0],[0],[0],[0],[0],[0],[0],[0]],[[0],[1,0],[1,0],[1,0],[1,0]]],
[[[0],[0],[0],[0],[0],[0],[0],[0],[0],[0]],[[1,0],[1,0],[1,0],[1,0],[1,0]]],
[[[0],[0],[0],[0],[0],[0],[0],[0],[0],[0],[0]],[[0],[1,0],[1,0],[1,0],[1,0],[1,0]]],
[[[0], [0], [0], [0], [0], [0], [0], [0], [0], [0], [0], [0]], [[1, 0], [1, 0], [1, 0], [1, 0], [1, 0], [1, 0]]],
[[[0], [0], [0], [0], [0], [0], [0], [0], [0], [0], [0], [0], [0]], [[0], [1, 0], [1, 0], [1, 0], [1, 0], [1, 0], [1, 0]]],
seq(end_of_list_1,i=1..0)]:
diff_list_when_ell2_equals[2]:=[
[[],[]],
[[[0]],[[0]]],
[[[0],[0]],[[2,0]]],
[[[0],[0],[0]],[[0],[2,0]]],
[[[0],[0],[0],[0]],[[1,0],[2,0]]],
[[[0],[0],[0],[0],[0]],[[0],[1,0],[2,0]]],
[[[1]],[[1]]],
[[[0],[1]],[[1,1]]],
[[[0],[0],[1]],[[0],[1,1]]],
[[[0],[0],[0],[1]],[[1,0],[1,1]]],
[[[0],[0],[0],[0],[1]],[[0],[1,0],[1,1]]],
[[[1,0]],[[1,0]]],
[[[1],[1,0]],[[0],[1,0]]],
[[[0],[1],[1,0]],[[1,0],[1,0]]],
[[[0],[0],[1],[1,0]],[[0],[1,0],[1,0]]],
[[[0],[1,0]],[[1,1,0]]],
[[[1,0],[1,0]],[[0],[1,1,0]]],
[[[0],[1,0],[1,0]],[[1,0],[1,1,0]]],
[[[1],[1,0],[1,0]],[[2,0],[1,1,0]]],
[[[0],[0],[1,0]],[[1],[1,1,0]]],
[[[0],[0],[0],[1,0]],[[1,1],[1,1,0]]],
[[[0], [0], [0], [0], [0], [1]], [[1, 0], [1, 0], [1, 1]]], [[[0], [0], [0], [0], [0], [0]], [[1, 0], [1, 0], [2, 0]]], [[[0], [0], [0], [1], [1, 0]], [[1, 0], [1, 0], [1, 0]]], [[[0], [0], [0], [0], [1, 0]], [[0], [1, 1], [1, 1, 0]]], [[[0], [1], [1, 0], [1, 0]], [[0], [2, 0], [1, 1, 0]]], [[[0], [0], [1, 0], [1, 0]], [[0], [1, 0], [1, 1, 0]]], [[[1, 0], [1, 0], [1, 0]], [[1, 1, 0], [1, 1, 0]]],
[[[0], [0], [0], [0], [0], [0], [1]], [[0], [1, 0], [1, 0], [1, 1]]], [[[0], [0], [0], [0], [0], [0], [0]], [[0], [1, 0], [1, 0], [2, 0]]], [[[0], [0], [0], [0], [1], [1, 0]], [[0], [1, 0], [1, 0], [1, 0]]], [[[0], [0], [0], [0], [0], [1, 0]], [[1, 0], [1, 1], [1, 1, 0]]], [[[0], [0], [1], [1, 0], [1, 0]], [[1, 0], [2, 0], [1, 1, 0]]], [[[0], [0], [0], [1, 0], [1, 0]], [[1, 0], [1, 0], [1, 1, 0]]], [[[1], [1, 0], [1, 0], [1, 0]], [[1], [1, 1, 0], [1, 1, 0]]], [[[0], [1, 0], [1, 0], [1, 0]], [[0], [1, 1, 0], [1, 1, 0]]],
[[[0], [0], [0], [0], [0], [0], [0], [1]], [[1, 0], [1, 0], [1, 0], [1, 1]]], [[[0], [0], [0], [0], [0], [0], [0], [0]], [[1, 0], [1, 0], [1, 0], [2, 0]]], [[[0], [0], [0], [0], [0], [1], [1, 0]], [[1, 0], [1, 0], [1, 0], [1, 0]]], [[[0], [0], [0], [0], [0], [0], [1, 0]], [[0], [1, 0], [1, 1], [1, 1, 0]]], [[[0], [0], [0], [1], [1, 0], [1, 0]], [[0], [1, 0], [2, 0], [1, 1, 0]]], [[[0], [0], [0], [0], [1, 0], [1, 0]], [[0], [1, 0], [1, 0], [1, 1, 0]]], [[[0], [1], [1, 0], [1, 0], [1, 0]], [[1, 1], [1, 1, 0], [1, 1, 0]]], [[[0], [0], [1, 0], [1, 0], [1, 0]], [[2, 0], [1, 1, 0], [1, 1, 0]]], [[[1, 0], [1, 0], [1, 0], [1, 0]], [[1, 0], [1, 1, 0], [1, 1, 0]]],
[[[0], [0], [0], [0], [0], [0], [0], [0], [1]], [[0], [1, 0], [1, 0], [1, 0], [1, 1]]], [[[0], [0], [0], [0], [0], [0], [0], [0], [0]], [[0], [1, 0], [1, 0], [1, 0], [2, 0]]], [[[0], [0], [0], [0], [0], [0], [1], [1, 0]], [[0], [1, 0], [1, 0], [1, 0], [1, 0]]], [[[0], [0], [0], [0], [0], [0], [0], [1, 0]], [[1, 0], [1, 0], [1, 1], [1, 1, 0]]], [[[0], [0], [0], [0], [1], [1, 0], [1, 0]], [[1, 0], [1, 0], [2, 0], [1, 1, 0]]], [[[0], [0], [0], [0], [0], [1, 0], [1, 0]], [[1, 0], [1, 0], [1, 0], [1, 1, 0]]], [[[0], [0], [1], [1, 0], [1, 0], [1, 0]], [[0], [1, 1], [1, 1, 0], [1, 1, 0]]], [[[0], [0], [0], [1, 0], [1, 0], [1, 0]], [[0], [2, 0], [1, 1, 0], [1, 1, 0]]], [[[1], [1, 0], [1, 0], [1, 0], [1, 0]], [[0], [1, 0], [1, 1, 0], [1, 1, 0]]], [[[0], [1, 0], [1, 0], [1, 0], [1, 0]], [[1, 1, 0], [1, 1, 0], [1, 1, 0]]],
[[[0], [0], [0], [0], [0], [0], [0], [0], [0], [1]], [[1, 0], [1, 0], [1, 0], [1, 0], [1, 1]]], [[[0], [0], [0], [0], [0], [0], [0], [0], [0], [0]], [[1, 0], [1, 0], [1, 0], [1, 0], [2, 0]]], [[[0], [0], [0], [0], [0], [0], [0], [1], [1, 0]], [[1, 0], [1, 0], [1, 0], [1, 0], [1, 0]]], [[[0], [0], [0], [0], [0], [0], [0], [0], [1, 0]], [[0], [1, 0], [1, 0], [1, 1], [1, 1, 0]]], [[[0], [0], [0], [0], [0], [1], [1, 0], [1, 0]], [[0], [1, 0], [1, 0], [2, 0], [1, 1, 0]]], [[[0], [0], [0], [0], [0], [0], [1, 0], [1, 0]], [[0], [1, 0], [1, 0], [1, 0], [1, 1, 0]]], [[[0], [0], [0], [1], [1, 0], [1, 0], [1, 0]], [[1, 0], [1, 1], [1, 1, 0], [1, 1, 0]]], [[[0], [0], [0], [0], [1, 0], [1, 0], [1, 0]], [[1, 0], [2, 0], [1, 1, 0], [1, 1, 0]]], [[[0], [1], [1, 0], [1, 0], [1, 0], [1, 0]], [[1, 0], [1, 0], [1, 1, 0], [1, 1, 0]]], [[[0], [0], [1, 0], [1, 0], [1, 0], [1, 0]], [[1], [1, 1, 0], [1, 1, 0], [1, 1, 0]]], [[[1, 0], [1, 0], [1, 0], [1, 0], [1, 0]], [[0], [1, 1, 0], [1, 1, 0], [1, 1, 0]]],
[[[0], [0], [0], [0], [0], [0], [0], [0], [0], [0], [1]], [[0], [1, 0], [1, 0], [1, 0], [1, 0], [1, 1]]], [[[0], [0], [0], [0], [0], [0], [0], [0], [0], [0], [0]], [[0], [1, 0], [1, 0], [1, 0], [1, 0], [2, 0]]], [[[0], [0], [0], [0], [0], [0], [0], [0], [1], [1, 0]], [[0], [1, 0], [1, 0], [1, 0], [1, 0], [1, 0]]], [[[0], [0], [0], [0], [0], [0], [0], [0], [0], [1, 0]], [[1, 0], [1, 0], [1, 0], [1, 1], [1, 1, 0]]], [[[0], [0], [0], [0], [0], [0], [1], [1, 0], [1, 0]], [[1, 0], [1, 0], [1, 0], [2, 0], [1, 1, 0]]], [[[0], [0], [0], [0], [0], [0], [0], [1, 0], [1, 0]], [[1, 0], [1, 0], [1, 0], [1, 0], [1, 1, 0]]], [[[0], [0], [0], [0], [1], [1, 0], [1, 0], [1, 0]], [[0], [1, 0], [1, 1], [1, 1, 0], [1, 1, 0]]], [[[0], [0], [0], [0], [0], [1, 0], [1, 0], [1, 0]], [[0], [1, 0], [2, 0], [1, 1, 0], [1, 1, 0]]], [[[0], [0], [1], [1, 0], [1, 0], [1, 0], [1, 0]], [[0], [1, 0], [1, 0], [1, 1, 0], [1, 1, 0]]], [[[0], [0], [0], [1, 0], [1, 0], [1, 0], [1, 0]], [[1, 1], [1, 1, 0], [1, 1, 0], [1, 1, 0]]], [[[1], [1, 0], [1, 0], [1, 0], [1, 0], [1, 0]], [[2, 0], [1, 1, 0], [1, 1, 0], [1, 1, 0]]], [[[0], [1, 0], [1, 0], [1, 0], [1, 0], [1, 0]], [[1, 0], [1, 1, 0], [1, 1, 0], [1, 1, 0]]],
[[[0], [0], [0], [0], [0], [0], [0], [0], [0], [0], [0], [1]], [[1, 0], [1, 0], [1, 0], [1, 0], [1, 0], [1, 1]]], [[[0], [0], [0], [0], [0], [0], [0], [0], [0], [0], [0], [0]], [[1, 0], [1, 0], [1, 0], [1, 0], [1, 0], [2, 0]]], [[[0], [0], [0], [0], [0], [0], [0], [0], [0], [1], [1, 0]], [[1, 0], [1, 0], [1, 0], [1, 0], [1, 0], [1, 0]]], [[[0], [0], [0], [0], [0], [0], [0], [0], [0], [0], [1, 0]], [[0], [1, 0], [1, 0], [1, 0], [1, 1], [1, 1, 0]]], [[[0], [0], [0], [0], [0], [0], [0], [1], [1, 0], [1, 0]], [[0], [1, 0], [1, 0], [1, 0], [2, 0], [1, 1, 0]]], [[[0], [0], [0], [0], [0], [0], [0], [0], [1, 0], [1, 0]], [[0], [1, 0], [1, 0], [1, 0], [1, 0], [1, 1, 0]]], [[[0], [0], [0], [0], [0], [1], [1, 0], [1, 0], [1, 0]], [[1, 0], [1, 0], [1, 1], [1, 1, 0], [1, 1, 0]]], [[[0], [0], [0], [0], [0], [0], [1, 0], [1, 0], [1, 0]], [[1, 0], [1, 0], [2, 0], [1, 1, 0], [1, 1, 0]]], [[[0], [0], [0], [1], [1, 0], [1, 0], [1, 0], [1, 0]], [[1, 0], [1, 0], [1, 0], [1, 1, 0], [1, 1, 0]]], [[[0], [0], [0], [0], [1, 0], [1, 0], [1, 0], [1, 0]], [[0], [1, 1], [1, 1, 0], [1, 1, 0], [1, 1, 0]]], [[[0], [1], [1, 0], [1, 0], [1, 0], [1, 0], [1, 0]], [[0], [2, 0], [1, 1, 0], [1, 1, 0], [1, 1, 0]]], [[[0], [0], [1, 0], [1, 0], [1, 0], [1, 0], [1, 0]], [[0], [1, 0], [1, 1, 0], [1, 1, 0], [1, 1, 0]]], [[[1, 0], [1, 0], [1, 0], [1, 0], [1, 0], [1, 0]], [[1, 1, 0], [1, 1, 0], [1, 1, 0], [1, 1, 0]]],
[[[0], [0], [0], [0], [0], [0], [0], [0], [0], [0], [0], [0], [1]], [[0], [1, 0], [1, 0], [1, 0], [1, 0], [1, 0], [1, 1]]], [[[0], [0], [0], [0], [0], [0], [0], [0], [0], [0], [0], [0], [0]], [[0], [1, 0], [1, 0], [1, 0], [1, 0], [1, 0], [2, 0]]], [[[0], [0], [0], [0], [0], [0], [0], [0], [0], [0], [1], [1, 0]], [[0], [1, 0], [1, 0], [1, 0], [1, 0], [1, 0], [1, 0]]], [[[0], [0], [0], [0], [0], [0], [0], [0], [0], [0], [0], [1, 0]], [[1, 0], [1, 0], [1, 0], [1, 0], [1, 1], [1, 1, 0]]], [[[0], [0], [0], [0], [0], [0], [0], [0], [1], [1, 0], [1, 0]], [[1, 0], [1, 0], [1, 0], [1, 0], [2, 0], [1, 1, 0]]], [[[0], [0], [0], [0], [0], [0], [0], [0], [0], [1, 0], [1, 0]], [[1, 0], [1, 0], [1, 0], [1, 0], [1, 0], [1, 1, 0]]], [[[0], [0], [0], [0], [0], [0], [1], [1, 0], [1, 0], [1, 0]], [[0], [1, 0], [1, 0], [1, 1], [1, 1, 0], [1, 1, 0]]], [[[0], [0], [0], [0], [0], [0], [0], [1, 0], [1, 0], [1, 0]], [[0], [1, 0], [1, 0], [2, 0], [1, 1, 0], [1, 1, 0]]], [[[0], [0], [0], [0], [1], [1, 0], [1, 0], [1, 0], [1, 0]], [[0], [1, 0], [1, 0], [1, 0], [1, 1, 0], [1, 1, 0]]], [[[0], [0], [0], [0], [0], [1, 0], [1, 0], [1, 0], [1, 0]], [[1, 0], [1, 1], [1, 1, 0], [1, 1, 0], [1, 1, 0]]], [[[0], [0], [1], [1, 0], [1, 0], [1, 0], [1, 0], [1, 0]], [[1, 0], [2, 0], [1, 1, 0], [1, 1, 0], [1, 1, 0]]], [[[0], [0], [0], [1, 0], [1, 0], [1, 0], [1, 0], [1, 0]], [[1, 0], [1, 0], [1, 1, 0], [1, 1, 0], [1, 1, 0]]], [[[1], [1, 0], [1, 0], [1, 0], [1, 0], [1, 0], [1, 0]], [[1], [1, 1, 0], [1, 1, 0], [1, 1, 0], [1, 1, 0]]], [[[0], [1, 0], [1, 0], [1, 0], [1, 0], [1, 0], [1, 0]], [[0], [1, 1, 0], [1, 1, 0], [1, 1, 0], [1, 1, 0]]],
seq(end_of_list_2,i=1..0)]:
diff_list_when_ell2_equals[3]:=[
[[],[]],
[[[0]],[[0]]],
[[[0],[0]],[[3,0]]],
[[[0],[0],[0]],[[0],[3,0]]],
[[[2,0]],[[2,0]]],
[[[0],[2,0]],[[1,2,0]]],
[[[1,0],[2,0]],[[0],[1,2,0]]],
[[[1],[2,0]],[[0],[2,0]]],
[[[1,0]],[[1,0]]],
[[[0],[1,0]],[[2,1,0]]],
[[[1,0],[1,0]],[[0],[2,1,0]]],
[[[1],[1,0]],[[0],[1,0]]],
[[[1]],[[1]]],
[[[0],[1]],[[2,1]]],
[[[0],[0],[1]],[[0],[2,1]]],
[[[1,1]],[[1,1]]],
[[[0],[1,1]],[[1,1,1]]],
[[[1,0],[1,1]],[[0],[1,1,1]]],
[[[1],[1,1]],[[0],[1,1]]],
[[[2]],[[2]]],
[[[0],[2]],[[1,2]]],
[[[0],[0],[2]],[[0],[1,2]]],
[[[1,1,0]],[[1,1,0]]],
[[[0],[1,1,0]],[[1,1,1,0]]],
[[[1],[1,1,0]],[[0],[1,1,0]]],
[[[2],[1,1,0]],[[1],[1,1,0]]],
[[[0], [0], [0], [2]], [[1, 0], [1, 2]]], [[[0], [0], [0], [1]], [[1, 0], [2, 1]]], [[[0], [1], [1, 1]], [[1, 0], [1, 1]]], [[[0], [0], [1, 1]], [[1], [1, 1, 1]]], [[[0], [0], [0], [0]], [[1, 0], [3, 0]]], [[[0], [1], [2, 0]], [[1, 0], [2, 0]]], [[[0], [0], [2, 0]], [[1], [1, 2, 0]]], [[[0], [1], [1, 0]], [[1, 0], [1, 0]]], [[[0], [0], [1, 0]], [[1], [2, 1, 0]]],
[[[0], [0], [0], [0], [2]], [[0], [1, 0], [1, 2]]], [[[0], [0], [0], [0], [1]], [[0], [1, 0], [2, 1]]], [[[0], [0], [1], [1, 1]], [[0], [1, 0], [1, 1]]], [[[0], [0], [0], [1, 1]], [[1, 1], [1, 1, 1]]], [[[1], [1, 0], [1, 1]], [[2, 0], [1, 1, 1]]], [[[0], [1, 0], [1, 1]], [[1, 0], [1, 1, 1]]], [[[0], [0], [0], [0], [0]], [[0], [1, 0], [3, 0]]], [[[0], [0], [1], [2, 0]], [[0], [1, 0], [2, 0]]], [[[0], [0], [0], [2, 0]], [[1, 1], [1, 2, 0]]], [[[1], [1, 0], [2, 0]], [[2, 0], [1, 2, 0]]], [[[0], [1, 0], [2, 0]], [[1, 0], [1, 2, 0]]], [[[0], [0], [1], [1, 0]], [[0], [1, 0], [1, 0]]], [[[0], [0], [0], [1, 0]], [[1, 1], [2, 1, 0]]], [[[1], [1, 0], [1, 0]], [[2, 0], [2, 1, 0]]], [[[0], [1, 0], [1, 0]], [[1, 0], [2, 1, 0]]], [[[0], [2], [1, 1, 0]], [[1, 1], [1, 1, 0]]], [[[0], [1], [1, 1, 0]], [[2, 0], [1, 1, 0]]], [[[1, 1], [1, 1, 0]], [[1, 0], [1, 1, 0]]], [[[0], [0], [1, 1, 0]], [[2], [1, 1, 1, 0]]], [[[2, 0], [1, 1, 0]], [[1], [1, 1, 1, 0]]], [[[1, 0], [1, 1, 0]], [[0], [1, 1, 1, 0]]],
[[[0], [0], [0], [0], [0], [2]], [[1, 0], [1, 0], [1, 2]]],
[[[0], [0], [0], [0], [0], [1]], [[1, 0], [1, 0], [2, 1]]], [[[0], [0], [0], [1], [1, 1]], [[1, 0], [1, 0], [1, 1]]], [[[0], [0], [0], [0], [1, 1]], [[0], [1, 1], [1, 1, 1]]], [[[0], [1], [1, 0], [1, 1]], [[0], [2, 0], [1, 1, 1]]], [[[0], [0], [1, 0], [1, 1]], [[0], [1, 0], [1, 1, 1]]], [[[1, 0], [1, 0], [1, 1]], [[1, 1, 0], [1, 1, 1]]], [[[0], [0], [0], [0], [0], [0]], [[1, 0], [1, 0], [3, 0]]], [[[0], [0], [0], [1], [2, 0]], [[1, 0], [1, 0], [2, 0]]], [[[0], [0], [0], [0], [2, 0]], [[0], [1, 1], [1, 2, 0]]], [[[0], [1], [1, 0], [2, 0]], [[0], [2, 0], [1, 2, 0]]], [[[0], [0], [1, 0], [2, 0]], [[0], [1, 0], [1, 2, 0]]], [[[1, 0], [1, 0], [2, 0]], [[1, 1, 0], [1, 2, 0]]], [[[0], [0], [0], [1], [1, 0]], [[1, 0], [1, 0], [1, 0]]], [[[0], [0], [0], [0], [1, 0]], [[0], [1, 1], [2, 1, 0]]], [[[0], [1], [1, 0], [1, 0]], [[0], [2, 0], [2, 1, 0]]], [[[0], [0], [1, 0], [1, 0]], [[0], [1, 0], [2, 1, 0]]], [[[1, 0], [1, 0], [1, 0]], [[1, 1, 0], [2, 1, 0]]], [[[0], [0], [2], [1, 1, 0]], [[0], [1, 1], [1, 1, 0]]], [[[0], [0], [1], [1, 1, 0]], [[0], [2, 0], [1, 1, 0]]], [[[1], [1, 1], [1, 1, 0]], [[0], [1, 0], [1, 1, 0]]], [[[0], [1, 1], [1, 1, 0]], [[1, 1, 0], [1, 1, 0]]], [[[0], [0], [0], [1, 1, 0]], [[1, 2], [1, 1, 1, 0]]], [[[1], [2, 0], [1, 1, 0]], [[2, 1], [1, 1, 1, 0]]], [[[0], [2, 0], [1, 1, 0]], [[1, 1], [1, 1, 1, 0]]], [[[1], [1, 0], [1, 1, 0]], [[3, 0], [1, 1, 1, 0]]], [[[0], [1, 0], [1, 1, 0]], [[2, 0], [1, 1, 1, 0]]],
[[[1, 1, 0], [1, 1, 0]], [[1, 0], [1, 1, 1, 0]]],
[[[0], [0], [0], [0], [0], [0], [2]], [[0], [1, 0], [1, 0], [1, 2]]], [[[0], [0], [0], [0], [0], [0], [1]], [[0], [1, 0], [1, 0], [2, 1]]],
[[[0], [0], [0], [0], [1], [1, 1]], [[0], [1, 0], [1, 0], [1, 1]]], [[[0], [0], [0], [0], [0], [1, 1]], [[1, 0], [1, 1], [1, 1, 1]]], [[[0], [0], [1], [1, 0], [1, 1]], [[1, 0], [2, 0], [1, 1, 1]]], [[[0], [0], [0], [1, 0], [1, 1]], [[1, 0], [1, 0], [1, 1, 1]]], [[[1], [1, 0], [1, 0], [1, 1]], [[1], [1, 1, 0], [1, 1, 1]]], [[[0], [1, 0], [1, 0], [1, 1]], [[0], [1, 1, 0], [1, 1, 1]]], [[[0], [0], [0], [0], [0], [0], [0]], [[0], [1, 0], [1, 0], [3, 0]]], [[[0], [0], [0], [0], [1], [2, 0]], [[0], [1, 0], [1, 0], [2, 0]]], [[[0], [0], [0], [0], [0], [2, 0]], [[1, 0], [1, 1], [1, 2, 0]]], [[[0], [0], [1], [1, 0], [2, 0]], [[1, 0], [2, 0], [1, 2, 0]]], [[[0], [0], [0], [1, 0], [2, 0]], [[1, 0], [1, 0], [1, 2, 0]]], [[[1], [1, 0], [1, 0], [2, 0]], [[1], [1, 1, 0], [1, 2, 0]]], [[[0], [1, 0], [1, 0], [2, 0]], [[0], [1, 1, 0], [1, 2, 0]]], [[[0], [0], [0], [0], [1], [1, 0]], [[0], [1, 0], [1, 0], [1, 0]]], [[[0], [0], [0], [0], [0], [1, 0]], [[1, 0], [1, 1], [2, 1, 0]]], [[[0], [0], [1], [1, 0], [1, 0]], [[1, 0], [2, 0], [2, 1, 0]]], [[[0], [0], [0], [1, 0], [1, 0]], [[1, 0], [1, 0], [2, 1, 0]]], [[[1], [1, 0], [1, 0], [1, 0]], [[1], [1, 1, 0], [2, 1, 0]]], [[[0], [1, 0], [1, 0], [1, 0]], [[0], [1, 1, 0], [2, 1, 0]]], [[[0], [0], [0], [2], [1, 1, 0]], [[1, 0], [1, 1], [1, 1, 0]]], [[[0], [0], [0], [1], [1, 1, 0]], [[1, 0], [2, 0], [1, 1, 0]]], [[[0], [1], [1, 1], [1, 1, 0]], [[1, 0], [1, 0], [1, 1, 0]]], [[[0], [0], [1, 1], [1, 1, 0]], [[1], [1, 1, 0], [1, 1, 0]]], [[[1, 0], [1, 1], [1, 1, 0]], [[0], [1, 1, 0], [1, 1, 0]]], [[[0], [0], [0], [0], [1, 1, 0]], [[0], [1, 2], [1, 1, 1, 0]]], [[[0], [1], [2, 0], [1, 1, 0]], [[0], [2, 1], [1, 1, 1, 0]]],
[[[0], [0], [2, 0], [1, 1, 0]], [[0], [1, 1], [1, 1, 1, 0]]], [[[1, 0], [2, 0], [1, 1, 0]], [[1, 1, 1], [1, 1, 1, 0]]], [[[0], [1], [1, 0], [1, 1, 0]], [[0], [3, 0], [1, 1, 1, 0]]], [[[0], [0], [1, 0], [1, 1, 0]], [[0], [2, 0], [1, 1, 1, 0]]], [[[1, 0], [1, 0], [1, 1, 0]], [[1, 2, 0], [1, 1, 1, 0]]], [[[2], [1, 1, 0], [1, 1, 0]], [[0], [1, 0], [1, 1, 1, 0]]], [[[1], [1, 1, 0], [1, 1, 0]], [[2, 1, 0], [1, 1, 1, 0]]], [[[0], [1, 1, 0], [1, 1, 0]], [[1, 1, 0], [1, 1, 1, 0]]],
[[[0], [0], [0], [0], [0], [0], [0], [2]], [[1, 0], [1, 0], [1, 0], [1, 2]]], [[[0], [0], [0], [0], [0], [0], [0], [1]], [[1, 0], [1, 0], [1, 0], [2, 1]]], [[[0], [0], [0], [0], [0], [1], [1, 1]], [[1, 0], [1, 0], [1, 0], [1, 1]]], [[[0], [0], [0], [0], [0], [0], [1, 1]], [[0], [1, 0], [1, 1], [1, 1, 1]]], [[[0], [0], [0], [1], [1, 0], [1, 1]], [[0], [1, 0], [2, 0], [1, 1, 1]]], [[[0], [0], [0], [0], [1, 0], [1, 1]], [[0], [1, 0], [1, 0], [1, 1, 1]]], [[[0], [1], [1, 0], [1, 0], [1, 1]], [[1, 1], [1, 1, 0], [1, 1, 1]]], [[[0], [0], [1, 0], [1, 0], [1, 1]], [[2, 0], [1, 1, 0], [1, 1, 1]]], [[[1, 0], [1, 0], [1, 0], [1, 1]], [[1, 0], [1, 1, 0], [1, 1, 1]]], [[[0], [0], [0], [0], [0], [0], [0], [0]], [[1, 0], [1, 0], [1, 0], [3, 0]]], [[[0], [0], [0], [0], [0], [1], [2, 0]], [[1, 0], [1, 0], [1, 0], [2, 0]]], [[[0], [0], [0], [0], [0], [0], [2, 0]], [[0], [1, 0], [1, 1], [1, 2, 0]]], [[[0], [0], [0], [1], [1, 0], [2, 0]], [[0], [1, 0], [2, 0], [1, 2, 0]]], [[[0], [0], [0], [0], [1, 0], [2, 0]], [[0], [1, 0], [1, 0], [1, 2, 0]]], [[[0], [1], [1, 0], [1, 0], [2, 0]], [[1, 1], [1, 1, 0], [1, 2, 0]]], [[[0], [0], [1, 0], [1, 0], [2, 0]], [[2, 0], [1, 1, 0], [1, 2, 0]]], [[[1, 0], [1, 0], [1, 0], [2, 0]], [[1, 0], [1, 1, 0], [1, 2, 0]]], [[[0], [0], [0], [0], [0], [1], [1, 0]], [[1, 0], [1, 0], [1, 0], [1, 0]]], [[[0], [0], [0], [0], [0], [0], [1, 0]], [[0], [1, 0], [1, 1], [2, 1, 0]]], [[[0], [0], [0], [1], [1, 0], [1, 0]], [[0], [1, 0], [2, 0], [2, 1, 0]]], [[[0], [0], [0], [0], [1, 0], [1, 0]], [[0], [1, 0], [1, 0], [2, 1, 0]]], [[[0], [1], [1, 0], [1, 0], [1, 0]], [[1, 1], [1, 1, 0], [2, 1, 0]]], [[[0], [0], [1, 0], [1, 0], [1, 0]], [[2, 0], [1, 1, 0], [2, 1, 0]]], [[[1, 0], [1, 0], [1, 0], [1, 0]], [[1, 0], [1, 1, 0], [2, 1, 0]]], [[[0], [0], [0], [0], [2], [1, 1, 0]], [[0], [1, 0], [1, 1], [1, 1, 0]]], [[[0], [0], [0], [0], [1], [1, 1, 0]], [[0], [1, 0], [2, 0], [1, 1, 0]]], [[[0], [0], [1], [1, 1], [1, 1, 0]], [[0], [1, 0], [1, 0], [1, 1, 0]]],
[[[0], [0], [0], [1, 1], [1, 1, 0]], [[1, 1], [1, 1, 0], [1, 1, 0]]], [[[1], [1, 0], [1, 1], [1, 1, 0]], [[2, 0], [1, 1, 0], [1, 1, 0]]], [[[0], [1, 0], [1, 1], [1, 1, 0]], [[1, 0], [1, 1, 0], [1, 1, 0]]], [[[0], [0], [0], [0], [0], [1, 1, 0]], [[1, 0], [1, 2], [1, 1, 1, 0]]], [[[0], [0], [1], [2, 0], [1, 1, 0]], [[1, 0], [2, 1], [1, 1, 1, 0]]], [[[0], [0], [0], [2, 0], [1, 1, 0]], [[1, 0], [1, 1], [1, 1, 1, 0]]], [[[1], [1, 0], [2, 0], [1, 1, 0]], [[1], [1, 1, 1], [1, 1, 1, 0]]], [[[0], [1, 0], [2, 0], [1, 1, 0]], [[0], [1, 1, 1], [1, 1, 1, 0]]], [[[0], [0], [1], [1, 0], [1, 1, 0]], [[1, 0], [3, 0], [1, 1, 1, 0]]], [[[0], [0], [0], [1, 0], [1, 1, 0]], [[1, 0], [2, 0], [1, 1, 1, 0]]], [[[1], [1, 0], [1, 0], [1, 1, 0]], [[1], [1, 2, 0], [1, 1, 1, 0]]], [[[0], [1, 0], [1, 0], [1, 1, 0]], [[0], [1, 2, 0], [1, 1, 1, 0]]], [[[0], [2], [1, 1, 0], [1, 1, 0]], [[1, 0], [1, 0], [1, 1, 1, 0]]], [[[0], [1], [1, 1, 0], [1, 1, 0]], [[1], [2, 1, 0], [1, 1, 1, 0]]], [[[1, 1], [1, 1, 0], [1, 1, 0]], [[0], [2, 1, 0], [1, 1, 1, 0]]], [[[0], [0], [1, 1, 0], [1, 1, 0]], [[1], [1, 1, 0], [1, 1, 1, 0]]], [[[2, 0], [1, 1, 0], [1, 1, 0]], [[0], [1, 1, 0], [1, 1, 1, 0]]], [[[1, 0], [1, 1, 0], [1, 1, 0]], [[1, 1, 1, 0], [1, 1, 1, 0]]],
[[[0], [0], [0], [0], [0], [0], [0], [0], [2]], [[0], [1, 0], [1, 0], [1, 0], [1, 2]]], [[[0], [0], [0], [0], [0], [0], [0], [0], [1]], [[0], [1, 0], [1, 0], [1, 0], [2, 1]]], [[[0], [0], [0], [0], [0], [0], [1], [1, 1]], [[0], [1, 0], [1, 0], [1, 0], [1, 1]]], [[[0], [0], [0], [0], [0], [0], [0], [1, 1]], [[1, 0], [1, 0], [1, 1], [1, 1, 1]]], [[[0], [0], [0], [0], [1], [1, 0], [1, 1]], [[1, 0], [1, 0], [2, 0], [1, 1, 1]]], [[[0], [0], [0], [0], [0], [1, 0], [1, 1]], [[1, 0], [1, 0], [1, 0], [1, 1, 1]]], [[[0], [0], [1], [1, 0], [1, 0], [1, 1]], [[0], [1, 1], [1, 1, 0], [1, 1, 1]]], [[[0], [0], [0], [1, 0], [1, 0], [1, 1]], [[0], [2, 0], [1, 1, 0], [1, 1, 1]]], [[[1], [1, 0], [1, 0], [1, 0], [1, 1]], [[0], [1, 0], [1, 1, 0], [1, 1, 1]]], [[[0], [1, 0], [1, 0], [1, 0], [1, 1]], [[1, 1, 0], [1, 1, 0], [1, 1, 1]]], [[[0], [0], [0], [0], [0], [0], [0], [0], [0]], [[0], [1, 0], [1, 0], [1, 0], [3, 0]]], [[[0], [0], [0], [0], [0], [0], [1], [2, 0]], [[0], [1, 0], [1, 0], [1, 0], [2, 0]]], [[[0], [0], [0], [0], [0], [0], [0], [2, 0]], [[1, 0], [1, 0], [1, 1], [1, 2, 0]]], [[[0], [0], [0], [0], [1], [1, 0], [2, 0]], [[1, 0], [1, 0], [2, 0], [1, 2, 0]]], [[[0], [0], [0], [0], [0], [1, 0], [2, 0]], [[1, 0], [1, 0], [1, 0], [1, 2, 0]]], [[[0], [0], [1], [1, 0], [1, 0], [2, 0]], [[0], [1, 1], [1, 1, 0], [1, 2, 0]]], [[[0], [0], [0], [1, 0], [1, 0], [2, 0]], [[0], [2, 0], [1, 1, 0], [1, 2, 0]]], [[[1], [1, 0], [1, 0], [1, 0], [2, 0]], [[0], [1, 0], [1, 1, 0], [1, 2, 0]]], [[[0], [1, 0], [1, 0], [1, 0], [2, 0]], [[1, 1, 0], [1, 1, 0], [1, 2, 0]]], [[[0], [0], [0], [0], [0], [0], [1], [1, 0]], [[0], [1, 0], [1, 0], [1, 0], [1, 0]]], [[[0], [0], [0], [0], [0], [0], [0], [1, 0]], [[1, 0], [1, 0], [1, 1], [2, 1, 0]]], [[[0], [0], [0], [0], [1], [1, 0], [1, 0]], [[1, 0], [1, 0], [2, 0], [2, 1, 0]]], [[[0], [0], [0], [0], [0], [1, 0], [1, 0]], [[1, 0], [1, 0], [1, 0], [2, 1, 0]]], [[[0], [0], [1], [1, 0], [1, 0], [1, 0]], [[0], [1, 1], [1, 1, 0], [2, 1, 0]]], [[[0], [0], [0], [1, 0], [1, 0], [1, 0]], [[0], [2, 0], [1, 1, 0], [2, 1, 0]]], [[[1], [1, 0], [1, 0], [1, 0], [1, 0]], [[0], [1, 0], [1, 1, 0], [2, 1, 0]]], [[[0], [1, 0], [1, 0], [1, 0], [1, 0]], [[1, 1, 0], [1, 1, 0], [2, 1, 0]]], [[[0], [0], [0], [0], [0], [2], [1, 1, 0]], [[1, 0], [1, 0], [1, 1], [1, 1, 0]]], [[[0], [0], [0], [0], [0], [1], [1, 1, 0]], [[1, 0], [1, 0], [2, 0], [1, 1, 0]]], [[[0], [0], [0], [1], [1, 1], [1, 1, 0]], [[1, 0], [1, 0], [1, 0], [1, 1, 0]]], [[[0], [0], [0], [0], [1, 1], [1, 1, 0]], [[0], [1, 1], [1, 1, 0], [1, 1, 0]]], [[[0], [1], [1, 0], [1, 1], [1, 1, 0]], [[0], [2, 0], [1, 1, 0], [1, 1, 0]]], [[[0], [0], [1, 0], [1, 1], [1, 1, 0]], [[0], [1, 0], [1, 1, 0], [1, 1, 0]]], [[[1, 0], [1, 0], [1, 1], [1, 1, 0]], [[1, 1, 0], [1, 1, 0], [1, 1, 0]]], [[[0], [0], [0], [0], [0], [0], [1, 1, 0]], [[0], [1, 0], [1, 2], [1, 1, 1, 0]]], [[[0], [0], [0], [1], [2, 0], [1, 1, 0]], [[0], [1, 0], [2, 1], [1, 1, 1, 0]]], [[[0], [0], [0], [0], [2, 0], [1, 1, 0]], [[0], [1, 0], [1, 1], [1, 1, 1, 0]]], [[[0], [1], [1, 0], [2, 0], [1, 1, 0]], [[1, 1], [1, 1, 1], [1, 1, 1, 0]]], [[[0], [0], [1, 0], [2, 0], [1, 1, 0]], [[2, 0], [1, 1, 1], [1, 1, 1, 0]]], [[[1, 0], [1, 0], [2, 0], [1, 1, 0]], [[1, 0], [1, 1, 1], [1, 1, 1, 0]]], [[[0], [0], [0], [1], [1, 0], [1, 1, 0]], [[0], [1, 0], [3, 0], [1, 1, 1, 0]]], [[[0], [0], [0], [0], [1, 0], [1, 1, 0]], [[0], [1, 0], [2, 0], [1, 1, 1, 0]]], [[[0], [1], [1, 0], [1, 0], [1, 1, 0]], [[1, 1], [1, 2, 0], [1, 1, 1, 0]]], [[[0], [0], [1, 0], [1, 0], [1, 1, 0]], [[2, 0], [1, 2, 0], [1, 1, 1, 0]]], [[[1, 0], [1, 0], [1, 0], [1, 1, 0]], [[1, 0], [1, 2, 0], [1, 1, 1, 0]]], [[[0], [0], [2], [1, 1, 0], [1, 1, 0]], [[0], [1, 0], [1, 0], [1, 1, 1, 0]]], [[[0], [0], [1], [1, 1, 0], [1, 1, 0]], [[1, 1], [2, 1, 0], [1, 1, 1, 0]]], [[[1], [1, 1], [1, 1, 0], [1, 1, 0]], [[2, 0], [2, 1, 0], [1, 1, 1, 0]]], [[[0], [1, 1], [1, 1, 0], [1, 1, 0]], [[1, 0], [2, 1, 0], [1, 1, 1, 0]]], [[[0], [0], [0], [1, 1, 0], [1, 1, 0]], [[1, 1], [1, 1, 0], [1, 1, 1, 0]]], [[[1], [2, 0], [1, 1, 0], [1, 1, 0]], [[2, 0], [1, 1, 0], [1, 1, 1, 0]]], [[[0], [2, 0], [1, 1, 0], [1, 1, 0]], [[1, 0], [1, 1, 0], [1, 1, 1, 0]]], [[[1], [1, 0], [1, 1, 0], [1, 1, 0]], [[2], [1, 1, 1, 0], [1, 1, 1, 0]]], [[[0], [1, 0], [1, 1, 0], [1, 1, 0]], [[1], [1, 1, 1, 0], [1, 1, 1, 0]]], [[[1, 1, 0], [1, 1, 0], [1, 1, 0]], [[0], [1, 1, 1, 0], [1, 1, 1, 0]]],
[[[0], [0], [0], [0], [0], [0], [0], [0], [0], [2]], [[1, 0], [1, 0], [1, 0], [1, 0], [1, 2]]],
[[[0], [0], [0], [0], [0], [0], [0], [0], [0], [1]], [[1, 0], [1, 0], [1, 0], [1, 0], [2, 1]]], [[[0], [0], [0], [0], [0], [0], [0], [1], [1, 1]], [[1, 0], [1, 0], [1, 0], [1, 0], [1, 1]]], [[[0], [0], [0], [0], [0], [0], [0], [0], [1, 1]], [[0], [1, 0], [1, 0], [1, 1], [1, 1, 1]]], [[[0], [0], [0], [0], [0], [1], [1, 0], [1, 1]], [[0], [1, 0], [1, 0], [2, 0], [1, 1, 1]]], [[[0], [0], [0], [0], [0], [0], [1, 0], [1, 1]], [[0], [1, 0], [1, 0], [1, 0], [1, 1, 1]]], [[[0], [0], [0], [1], [1, 0], [1, 0], [1, 1]], [[1, 0], [1, 1], [1, 1, 0], [1, 1, 1]]], [[[0], [0], [0], [0], [1, 0], [1, 0], [1, 1]], [[1, 0], [2, 0], [1, 1, 0], [1, 1, 1]]], [[[0], [1], [1, 0], [1, 0], [1, 0], [1, 1]], [[1, 0], [1, 0], [1, 1, 0], [1, 1, 1]]], [[[0], [0], [1, 0], [1, 0], [1, 0], [1, 1]], [[1], [1, 1, 0], [1, 1, 0], [1, 1, 1]]], [[[1, 0], [1, 0], [1, 0], [1, 0], [1, 1]], [[0], [1, 1, 0], [1, 1, 0], [1, 1, 1]]], [[[0], [0], [0], [0], [0], [0], [0], [0], [0], [0]], [[1, 0], [1, 0], [1, 0], [1, 0], [3, 0]]], [[[0], [0], [0], [0], [0], [0], [0], [1], [2, 0]], [[1, 0], [1, 0], [1, 0], [1, 0], [2, 0]]], [[[0], [0], [0], [0], [0], [0], [0], [0], [2, 0]], [[0], [1, 0], [1, 0], [1, 1], [1, 2, 0]]], [[[0], [0], [0], [0], [0], [1], [1, 0], [2, 0]], [[0], [1, 0], [1, 0], [2, 0], [1, 2, 0]]], [[[0], [0], [0], [0], [0], [0], [1, 0], [2, 0]], [[0], [1, 0], [1, 0], [1, 0], [1, 2, 0]]], [[[0], [0], [0], [1], [1, 0], [1, 0], [2, 0]], [[1, 0], [1, 1], [1, 1, 0], [1, 2, 0]]], [[[0], [0], [0], [0], [1, 0], [1, 0], [2, 0]], [[1, 0], [2, 0], [1, 1, 0], [1, 2, 0]]], [[[0], [1], [1, 0], [1, 0], [1, 0], [2, 0]], [[1, 0], [1, 0], [1, 1, 0], [1, 2, 0]]], [[[0], [0], [1, 0], [1, 0], [1, 0], [2, 0]], [[1], [1, 1, 0], [1, 1, 0], [1, 2, 0]]], [[[1, 0], [1, 0], [1, 0], [1, 0], [2, 0]], [[0], [1, 1, 0], [1, 1, 0], [1, 2, 0]]], [[[0], [0], [0], [0], [0], [0], [0], [1], [1, 0]], [[1, 0], [1, 0], [1, 0], [1, 0], [1, 0]]], [[[0], [0], [0], [0], [0], [0], [0], [0], [1, 0]], [[0], [1, 0], [1, 0], [1, 1], [2, 1, 0]]], [[[0], [0], [0], [0], [0], [1], [1, 0], [1, 0]], [[0], [1, 0], [1, 0], [2, 0], [2, 1, 0]]], [[[0], [0], [0], [0], [0], [0], [1, 0], [1, 0]], [[0], [1, 0], [1, 0], [1, 0], [2, 1, 0]]], [[[0], [0], [0], [1], [1, 0], [1, 0], [1, 0]], [[1, 0], [1, 1], [1, 1, 0], [2, 1, 0]]], [[[0], [0], [0], [0], [1, 0], [1, 0], [1, 0]], [[1, 0], [2, 0], [1, 1, 0], [2, 1, 0]]], [[[0], [1], [1, 0], [1, 0], [1, 0], [1, 0]], [[1, 0], [1, 0], [1, 1, 0], [2, 1, 0]]], [[[0], [0], [1, 0], [1, 0], [1, 0], [1, 0]], [[1], [1, 1, 0], [1, 1, 0], [2, 1, 0]]], [[[1, 0], [1, 0], [1, 0], [1, 0], [1, 0]], [[0], [1, 1, 0], [1, 1, 0], [2, 1, 0]]], [[[0], [0], [0], [0], [0], [0], [2], [1, 1, 0]], [[0], [1, 0], [1, 0], [1, 1], [1, 1, 0]]], [[[0], [0], [0], [0], [0], [0], [1], [1, 1, 0]], [[0], [1, 0], [1, 0], [2, 0], [1, 1, 0]]], [[[0], [0], [0], [0], [1], [1, 1], [1, 1, 0]], [[0], [1, 0], [1, 0], [1, 0], [1, 1, 0]]], [[[0], [0], [0], [0], [0], [1, 1], [1, 1, 0]], [[1, 0], [1, 1], [1, 1, 0], [1, 1, 0]]], [[[0], [0], [1], [1, 0], [1, 1], [1, 1, 0]], [[1, 0], [2, 0], [1, 1, 0], [1, 1, 0]]], [[[0], [0], [0], [1, 0], [1, 1], [1, 1, 0]], [[1, 0], [1, 0], [1, 1, 0], [1, 1, 0]]], [[[1], [1, 0], [1, 0], [1, 1], [1, 1, 0]], [[1], [1, 1, 0], [1, 1, 0], [1, 1, 0]]], [[[0], [1, 0], [1, 0], [1, 1], [1, 1, 0]], [[0], [1, 1, 0], [1, 1, 0], [1, 1, 0]]], [[[0], [0], [0], [0], [0], [0], [0], [1, 1, 0]], [[1, 0], [1, 0], [1, 2], [1, 1, 1, 0]]], [[[0], [0], [0], [0], [1], [2, 0], [1, 1, 0]], [[1, 0], [1, 0], [2, 1], [1, 1, 1, 0]]], [[[0], [0], [0], [0], [0], [2, 0], [1, 1, 0]], [[1, 0], [1, 0], [1, 1], [1, 1, 1, 0]]], [[[0], [0], [1], [1, 0], [2, 0], [1, 1, 0]], [[0], [1, 1], [1, 1, 1], [1, 1, 1, 0]]], [[[0], [0], [0], [1, 0], [2, 0], [1, 1, 0]], [[0], [2, 0], [1, 1, 1], [1, 1, 1, 0]]], [[[1], [1, 0], [1, 0], [2, 0], [1, 1, 0]], [[0], [1, 0], [1, 1, 1], [1, 1, 1, 0]]], [[[0], [1, 0], [1, 0], [2, 0], [1, 1, 0]], [[1, 1, 0], [1, 1, 1], [1, 1, 1, 0]]], [[[0], [0], [0], [0], [1], [1, 0], [1, 1, 0]], [[1, 0], [1, 0], [3, 0], [1, 1, 1, 0]]], [[[0], [0], [0], [0], [0], [1, 0], [1, 1, 0]], [[1, 0], [1, 0], [2, 0], [1, 1, 1, 0]]], [[[0], [0], [1], [1, 0], [1, 0], [1, 1, 0]], [[0], [1, 1], [1, 2, 0], [1, 1, 1, 0]]], [[[0], [0], [0], [1, 0], [1, 0], [1, 1, 0]], [[0], [2, 0], [1, 2, 0], [1, 1, 1, 0]]], [[[1], [1, 0], [1, 0], [1, 0], [1, 1, 0]], [[0], [1, 0], [1, 2, 0], [1, 1, 1, 0]]], [[[0], [1, 0], [1, 0], [1, 0], [1, 1, 0]], [[1, 1, 0], [1, 2, 0], [1, 1, 1, 0]]], [[[0], [0], [0], [2], [1, 1, 0], [1, 1, 0]], [[1, 0], [1, 0], [1, 0], [1, 1, 1, 0]]], [[[0], [0], [0], [1], [1, 1, 0], [1, 1, 0]], [[0], [1, 1], [2, 1, 0], [1, 1, 1, 0]]], [[[0], [1], [1, 1], [1, 1, 0], [1, 1, 0]], [[0], [2, 0], [2, 1, 0], [1, 1, 1, 0]]], [[[0], [0], [1, 1], [1, 1, 0], [1, 1, 0]], [[0], [1, 0], [2, 1, 0], [1, 1, 1, 0]]], [[[1, 0], [1, 1], [1, 1, 0], [1, 1, 0]], [[1, 1, 0], [2, 1, 0], [1, 1, 1, 0]]], [[[0], [0], [0], [0], [1, 1, 0], [1, 1, 0]], [[0], [1, 1], [1, 1, 0], [1, 1, 1, 0]]], [[[0], [1], [2, 0], [1, 1, 0], [1, 1, 0]], [[0], [2, 0], [1, 1, 0], [1, 1, 1, 0]]], [[[0], [0], [2, 0], [1, 1, 0], [1, 1, 0]], [[0], [1, 0], [1, 1, 0], [1, 1, 1, 0]]], [[[1, 0], [2, 0], [1, 1, 0], [1, 1, 0]], [[1, 1, 0], [1, 1, 0], [1, 1, 1, 0]]], [[[0], [1], [1, 0], [1, 1, 0], [1, 1, 0]], [[1, 2], [1, 1, 1, 0], [1, 1, 1, 0]]], [[[0], [0], [1, 0], [1, 1, 0], [1, 1, 0]], [[2, 1], [1, 1, 1, 0], [1, 1, 1, 0]]], [[[1, 0], [1, 0], [1, 1, 0], [1, 1, 0]], [[1, 1], [1, 1, 1, 0], [1, 1, 1, 0]]], [[[2], [1, 1, 0], [1, 1, 0], [1, 1, 0]], [[3, 0], [1, 1, 1, 0], [1, 1, 1, 0]]], [[[1], [1, 1, 0], [1, 1, 0], [1, 1, 0]], [[2, 0], [1, 1, 1, 0], [1, 1, 1, 0]]], [[[0], [1, 1, 0], [1, 1, 0], [1, 1, 0]], [[1, 0], [1, 1, 1, 0], [1, 1, 1, 0]]],
[[[0], [0], [0], [0], [0], [0], [0], [0], [0], [0], [2]], [[0], [1, 0], [1, 0], [1, 0], [1, 0], [1, 2]]],
[[[0], [0], [0], [0], [0], [0], [0], [0], [0], [0], [1]], [[0], [1, 0], [1, 0], [1, 0], [1, 0], [2, 1]]], [[[0], [0], [0], [0], [0], [0], [0], [0], [1], [1, 1]], [[0], [1, 0], [1, 0], [1, 0], [1, 0], [1, 1]]], [[[0], [0], [0], [0], [0], [0], [0], [0], [0], [1, 1]], [[1, 0], [1, 0], [1, 0], [1, 1], [1, 1, 1]]], [[[0], [0], [0], [0], [0], [0], [1], [1, 0], [1, 1]], [[1, 0], [1, 0], [1, 0], [2, 0], [1, 1, 1]]], [[[0], [0], [0], [0], [0], [0], [0], [1, 0], [1, 1]], [[1, 0], [1, 0], [1, 0], [1, 0], [1, 1, 1]]], [[[0], [0], [0], [0], [1], [1, 0], [1, 0], [1, 1]], [[0], [1, 0], [1, 1], [1, 1, 0], [1, 1, 1]]], [[[0], [0], [0], [0], [0], [1, 0], [1, 0], [1, 1]], [[0], [1, 0], [2, 0], [1, 1, 0], [1, 1, 1]]], [[[0], [0], [1], [1, 0], [1, 0], [1, 0], [1, 1]], [[0], [1, 0], [1, 0], [1, 1, 0], [1, 1, 1]]], [[[0], [0], [0], [1, 0], [1, 0], [1, 0], [1, 1]], [[1, 1], [1, 1, 0], [1, 1, 0], [1, 1, 1]]], [[[1], [1, 0], [1, 0], [1, 0], [1, 0], [1, 1]], [[2, 0], [1, 1, 0], [1, 1, 0], [1, 1, 1]]], [[[0], [1, 0], [1, 0], [1, 0], [1, 0], [1, 1]], [[1, 0], [1, 1, 0], [1, 1, 0], [1, 1, 1]]], [[[0], [0], [0], [0], [0], [0], [0], [0], [0], [0], [0]], [[0], [1, 0], [1, 0], [1, 0], [1, 0], [3, 0]]], [[[0], [0], [0], [0], [0], [0], [0], [0], [1], [2, 0]], [[0], [1, 0], [1, 0], [1, 0], [1, 0], [2, 0]]], [[[0], [0], [0], [0], [0], [0], [0], [0], [0], [2, 0]], [[1, 0], [1, 0], [1, 0], [1, 1], [1, 2, 0]]], [[[0], [0], [0], [0], [0], [0], [1], [1, 0], [2, 0]], [[1, 0], [1, 0], [1, 0], [2, 0], [1, 2, 0]]], [[[0], [0], [0], [0], [0], [0], [0], [1, 0], [2, 0]], [[1, 0], [1, 0], [1, 0], [1, 0], [1, 2, 0]]], [[[0], [0], [0], [0], [1], [1, 0], [1, 0], [2, 0]], [[0], [1, 0], [1, 1], [1, 1, 0], [1, 2, 0]]], [[[0], [0], [0], [0], [0], [1, 0], [1, 0], [2, 0]], [[0], [1, 0], [2, 0], [1, 1, 0], [1, 2, 0]]], [[[0], [0], [1], [1, 0], [1, 0], [1, 0], [2, 0]], [[0], [1, 0], [1, 0], [1, 1, 0], [1, 2, 0]]], [[[0], [0], [0], [1, 0], [1, 0], [1, 0], [2, 0]], [[1, 1], [1, 1, 0], [1, 1, 0], [1, 2, 0]]], [[[1], [1, 0], [1, 0], [1, 0], [1, 0], [2, 0]], [[2, 0], [1, 1, 0], [1, 1, 0], [1, 2, 0]]], [[[0], [1, 0], [1, 0], [1, 0], [1, 0], [2, 0]], [[1, 0], [1, 1, 0], [1, 1, 0], [1, 2, 0]]], [[[0], [0], [0], [0], [0], [0], [0], [0], [1], [1, 0]], [[0], [1, 0], [1, 0], [1, 0], [1, 0], [1, 0]]], [[[0], [0], [0], [0], [0], [0], [0], [0], [0], [1, 0]], [[1, 0], [1, 0], [1, 0], [1, 1], [2, 1, 0]]], [[[0], [0], [0], [0], [0], [0], [1], [1, 0], [1, 0]], [[1, 0], [1, 0], [1, 0], [2, 0], [2, 1, 0]]], [[[0], [0], [0], [0], [0], [0], [0], [1, 0], [1, 0]], [[1, 0], [1, 0], [1, 0], [1, 0], [2, 1, 0]]], [[[0], [0], [0], [0], [1], [1, 0], [1, 0], [1, 0]], [[0], [1, 0], [1, 1], [1, 1, 0], [2, 1, 0]]], [[[0], [0], [0], [0], [0], [1, 0], [1, 0], [1, 0]], [[0], [1, 0], [2, 0], [1, 1, 0], [2, 1, 0]]], [[[0], [0], [1], [1, 0], [1, 0], [1, 0], [1, 0]], [[0], [1, 0], [1, 0], [1, 1, 0], [2, 1, 0]]], [[[0], [0], [0], [1, 0], [1, 0], [1, 0], [1, 0]], [[1, 1], [1, 1, 0], [1, 1, 0], [2, 1, 0]]], [[[1], [1, 0], [1, 0], [1, 0], [1, 0], [1, 0]], [[2, 0], [1, 1, 0], [1, 1, 0], [2, 1, 0]]], [[[0], [1, 0], [1, 0], [1, 0], [1, 0], [1, 0]], [[1, 0], [1, 1, 0], [1, 1, 0], [2, 1, 0]]], [[[0], [0], [0], [0], [0], [0], [0], [2], [1, 1, 0]], [[1, 0], [1, 0], [1, 0], [1, 1], [1, 1, 0]]], [[[0], [0], [0], [0], [0], [0], [0], [1], [1, 1, 0]], [[1, 0], [1, 0], [1, 0], [2, 0], [1, 1, 0]]], [[[0], [0], [0], [0], [0], [1], [1, 1], [1, 1, 0]], [[1, 0], [1, 0], [1, 0], [1, 0], [1, 1, 0]]], [[[0], [0], [0], [0], [0], [0], [1, 1], [1, 1, 0]], [[0], [1, 0], [1, 1], [1, 1, 0], [1, 1, 0]]], [[[0], [0], [0], [1], [1, 0], [1, 1], [1, 1, 0]], [[0], [1, 0], [2, 0], [1, 1, 0], [1, 1, 0]]], [[[0], [0], [0], [0], [1, 0], [1, 1], [1, 1, 0]], [[0], [1, 0], [1, 0], [1, 1, 0], [1, 1, 0]]], [[[0], [1], [1, 0], [1, 0], [1, 1], [1, 1, 0]], [[1, 1], [1, 1, 0], [1, 1, 0], [1, 1, 0]]], [[[0], [0], [1, 0], [1, 0], [1, 1], [1, 1, 0]], [[2, 0], [1, 1, 0], [1, 1, 0], [1, 1, 0]]], [[[1, 0], [1, 0], [1, 0], [1, 1], [1, 1, 0]], [[1, 0], [1, 1, 0], [1, 1, 0], [1, 1, 0]]], [[[0], [0], [0], [0], [0], [0], [0], [0], [1, 1, 0]], [[0], [1, 0], [1, 0], [1, 2], [1, 1, 1, 0]]], [[[0], [0], [0], [0], [0], [1], [2, 0], [1, 1, 0]], [[0], [1, 0], [1, 0], [2, 1], [1, 1, 1, 0]]], [[[0], [0], [0], [0], [0], [0], [2, 0], [1, 1, 0]], [[0], [1, 0], [1, 0], [1, 1], [1, 1, 1, 0]]], [[[0], [0], [0], [1], [1, 0], [2, 0], [1, 1, 0]], [[1, 0], [1, 1], [1, 1, 1], [1, 1, 1, 0]]], [[[0], [0], [0], [0], [1, 0], [2, 0], [1, 1, 0]], [[1, 0], [2, 0], [1, 1, 1], [1, 1, 1, 0]]], [[[0], [1], [1, 0], [1, 0], [2, 0], [1, 1, 0]], [[1, 0], [1, 0], [1, 1, 1], [1, 1, 1, 0]]], [[[0], [0], [1, 0], [1, 0], [2, 0], [1, 1, 0]], [[1], [1, 1, 0], [1, 1, 1], [1, 1, 1, 0]]], [[[1, 0], [1, 0], [1, 0], [2, 0], [1, 1, 0]], [[0], [1, 1, 0], [1, 1, 1], [1, 1, 1, 0]]], [[[0], [0], [0], [0], [0], [1], [1, 0], [1, 1, 0]], [[0], [1, 0], [1, 0], [3, 0], [1, 1, 1, 0]]], [[[0], [0], [0], [0], [0], [0], [1, 0], [1, 1, 0]], [[0], [1, 0], [1, 0], [2, 0], [1, 1, 1, 0]]], [[[0], [0], [0], [1], [1, 0], [1, 0], [1, 1, 0]], [[1, 0], [1, 1], [1, 2, 0], [1, 1, 1, 0]]], [[[0], [0], [0], [0], [1, 0], [1, 0], [1, 1, 0]], [[1, 0], [2, 0], [1, 2, 0], [1, 1, 1, 0]]], [[[0], [1], [1, 0], [1, 0], [1, 0], [1, 1, 0]], [[1, 0], [1, 0], [1, 2, 0], [1, 1, 1, 0]]], [[[0], [0], [1, 0], [1, 0], [1, 0], [1, 1, 0]], [[1], [1, 1, 0], [1, 2, 0], [1, 1, 1, 0]]], [[[1, 0], [1, 0], [1, 0], [1, 0], [1, 1, 0]], [[0], [1, 1, 0], [1, 2, 0], [1, 1, 1, 0]]], [[[0], [0], [0], [0], [2], [1, 1, 0], [1, 1, 0]], [[0], [1, 0], [1, 0], [1, 0], [1, 1, 1, 0]]], [[[0], [0], [0], [0], [1], [1, 1, 0], [1, 1, 0]], [[1, 0], [1, 1], [2, 1, 0], [1, 1, 1, 0]]], [[[0], [0], [1], [1, 1], [1, 1, 0], [1, 1, 0]], [[1, 0], [2, 0], [2, 1, 0], [1, 1, 1, 0]]], [[[0], [0], [0], [1, 1], [1, 1, 0], [1, 1, 0]], [[1, 0], [1, 0], [2, 1, 0], [1, 1, 1, 0]]], [[[1], [1, 0], [1, 1], [1, 1, 0], [1, 1, 0]], [[1], [1, 1, 0], [2, 1, 0], [1, 1, 1, 0]]], [[[0], [1, 0], [1, 1], [1, 1, 0], [1, 1, 0]], [[0], [1, 1, 0], [2, 1, 0], [1, 1, 1, 0]]], [[[0], [0], [0], [0], [0], [1, 1, 0], [1, 1, 0]], [[1, 0], [1, 1], [1, 1, 0], [1, 1, 1, 0]]], [[[0], [0], [1], [2, 0], [1, 1, 0], [1, 1, 0]], [[1, 0], [2, 0], [1, 1, 0], [1, 1, 1, 0]]], [[[0], [0], [0], [2, 0], [1, 1, 0], [1, 1, 0]], [[1, 0], [1, 0], [1, 1, 0], [1, 1, 1, 0]]], [[[1], [1, 0], [2, 0], [1, 1, 0], [1, 1, 0]], [[1], [1, 1, 0], [1, 1, 0], [1, 1, 1, 0]]], [[[0], [1, 0], [2, 0], [1, 1, 0], [1, 1, 0]], [[0], [1, 1, 0], [1, 1, 0], [1, 1, 1, 0]]], [[[0], [0], [1], [1, 0], [1, 1, 0], [1, 1, 0]], [[0], [1, 2], [1, 1, 1, 0], [1, 1, 1, 0]]], [[[0], [0], [0], [1, 0], [1, 1, 0], [1, 1, 0]], [[0], [2, 1], [1, 1, 1, 0], [1, 1, 1, 0]]], [[[1], [1, 0], [1, 0], [1, 1, 0], [1, 1, 0]], [[0], [1, 1], [1, 1, 1, 0], [1, 1, 1, 0]]], [[[0], [1, 0], [1, 0], [1, 1, 0], [1, 1, 0]], [[1, 1, 1], [1, 1, 1, 0], [1, 1, 1, 0]]], [[[0], [2], [1, 1, 0], [1, 1, 0], [1, 1, 0]], [[0], [3, 0], [1, 1, 1, 0], [1, 1, 1, 0]]], [[[0], [1], [1, 1, 0], [1, 1, 0], [1, 1, 0]], [[0], [2, 0], [1, 1, 1, 0], [1, 1, 1, 0]]], [[[1, 1], [1, 1, 0], [1, 1, 0], [1, 1, 0]], [[1, 2, 0], [1, 1, 1, 0], [1, 1, 1, 0]]], [[[0], [0], [1, 1, 0], [1, 1, 0], [1, 1, 0]], [[0], [1, 0], [1, 1, 1, 0], [1, 1, 1, 0]]], [[[2, 0], [1, 1, 0], [1, 1, 0], [1, 1, 0]], [[2, 1, 0], [1, 1, 1, 0], [1, 1, 1, 0]]], [[[1, 0], [1, 1, 0], [1, 1, 0], [1, 1, 0]], [[1, 1, 0], [1, 1, 1, 0], [1, 1, 1, 0]]],
[[[0], [0], [0], [0], [0], [0], [0], [0], [0], [0], [0], [2]], [[1, 0], [1, 0], [1, 0], [1, 0], [1, 0], [1, 2]]], [[[0], [0], [0], [0], [0], [0], [0], [0], [0], [0], [0], [1]], [[1, 0], [1, 0], [1, 0], [1, 0], [1, 0], [2, 1]]], [[[0], [0], [0], [0], [0], [0], [0], [0], [0], [1], [1, 1]], [[1, 0], [1, 0], [1, 0], [1, 0], [1, 0], [1, 1]]], [[[0], [0], [0], [0], [0], [0], [0], [0], [0], [0], [1, 1]], [[0], [1, 0], [1, 0], [1, 0], [1, 1], [1, 1, 1]]], [[[0], [0], [0], [0], [0], [0], [0], [1], [1, 0], [1, 1]], [[0], [1, 0], [1, 0], [1, 0], [2, 0], [1, 1, 1]]], [[[0], [0], [0], [0], [0], [0], [0], [0], [1, 0], [1, 1]], [[0], [1, 0], [1, 0], [1, 0], [1, 0], [1, 1, 1]]], [[[0], [0], [0], [0], [0], [1], [1, 0], [1, 0], [1, 1]], [[1, 0], [1, 0], [1, 1], [1, 1, 0], [1, 1, 1]]], [[[0], [0], [0], [0], [0], [0], [1, 0], [1, 0], [1, 1]], [[1, 0], [1, 0], [2, 0], [1, 1, 0], [1, 1, 1]]], [[[0], [0], [0], [1], [1, 0], [1, 0], [1, 0], [1, 1]], [[1, 0], [1, 0], [1, 0], [1, 1, 0], [1, 1, 1]]], [[[0], [0], [0], [0], [1, 0], [1, 0], [1, 0], [1, 1]], [[0], [1, 1], [1, 1, 0], [1, 1, 0], [1, 1, 1]]], [[[0], [1], [1, 0], [1, 0], [1, 0], [1, 0], [1, 1]], [[0], [2, 0], [1, 1, 0], [1, 1, 0], [1, 1, 1]]], [[[0], [0], [1, 0], [1, 0], [1, 0], [1, 0], [1, 1]], [[0], [1, 0], [1, 1, 0], [1, 1, 0], [1, 1, 1]]], [[[1, 0], [1, 0], [1, 0], [1, 0], [1, 0], [1, 1]], [[1, 1, 0], [1, 1, 0], [1, 1, 0], [1, 1, 1]]], [[[0], [0], [0], [0], [0], [0], [0], [0], [0], [0], [0], [0]], [[1, 0], [1, 0], [1, 0], [1, 0], [1, 0], [3, 0]]], [[[0], [0], [0], [0], [0], [0], [0], [0], [0], [1], [2, 0]], [[1, 0], [1, 0], [1, 0], [1, 0], [1, 0], [2, 0]]], [[[0], [0], [0], [0], [0], [0], [0], [0], [0], [0], [2, 0]], [[0], [1, 0], [1, 0], [1, 0], [1, 1], [1, 2, 0]]], [[[0], [0], [0], [0], [0], [0], [0], [1], [1, 0], [2, 0]], [[0], [1, 0], [1, 0], [1, 0], [2, 0], [1, 2, 0]]], [[[0], [0], [0], [0], [0], [0], [0], [0], [1, 0], [2, 0]], [[0], [1, 0], [1, 0], [1, 0], [1, 0], [1, 2, 0]]], [[[0], [0], [0], [0], [0], [1], [1, 0], [1, 0], [2, 0]], [[1, 0], [1, 0], [1, 1], [1, 1, 0], [1, 2, 0]]], [[[0], [0], [0], [0], [0], [0], [1, 0], [1, 0], [2, 0]], [[1, 0], [1, 0], [2, 0], [1, 1, 0], [1, 2, 0]]], [[[0], [0], [0], [1], [1, 0], [1, 0], [1, 0], [2, 0]], [[1, 0], [1, 0], [1, 0], [1, 1, 0], [1, 2, 0]]], [[[0], [0], [0], [0], [1, 0], [1, 0], [1, 0], [2, 0]], [[0], [1, 1], [1, 1, 0], [1, 1, 0], [1, 2, 0]]], [[[0], [1], [1, 0], [1, 0], [1, 0], [1, 0], [2, 0]], [[0], [2, 0], [1, 1, 0], [1, 1, 0], [1, 2, 0]]], [[[0], [0], [1, 0], [1, 0], [1, 0], [1, 0], [2, 0]], [[0], [1, 0], [1, 1, 0], [1, 1, 0], [1, 2, 0]]], [[[1, 0], [1, 0], [1, 0], [1, 0], [1, 0], [2, 0]], [[1, 1, 0], [1, 1, 0], [1, 1, 0], [1, 2, 0]]], [[[0], [0], [0], [0], [0], [0], [0], [0], [0], [1], [1, 0]], [[1, 0], [1, 0], [1, 0], [1, 0], [1, 0], [1, 0]]], [[[0], [0], [0], [0], [0], [0], [0], [0], [0], [0], [1, 0]], [[0], [1, 0], [1, 0], [1, 0], [1, 1], [2, 1, 0]]], [[[0], [0], [0], [0], [0], [0], [0], [1], [1, 0], [1, 0]], [[0], [1, 0], [1, 0], [1, 0], [2, 0], [2, 1, 0]]], [[[0], [0], [0], [0], [0], [0], [0], [0], [1, 0], [1, 0]], [[0], [1, 0], [1, 0], [1, 0], [1, 0], [2, 1, 0]]], [[[0], [0], [0], [0], [0], [1], [1, 0], [1, 0], [1, 0]], [[1, 0], [1, 0], [1, 1], [1, 1, 0], [2, 1, 0]]], [[[0], [0], [0], [0], [0], [0], [1, 0], [1, 0], [1, 0]], [[1, 0], [1, 0], [2, 0], [1, 1, 0], [2, 1, 0]]], [[[0], [0], [0], [1], [1, 0], [1, 0], [1, 0], [1, 0]], [[1, 0], [1, 0], [1, 0], [1, 1, 0], [2, 1, 0]]], [[[0], [0], [0], [0], [1, 0], [1, 0], [1, 0], [1, 0]], [[0], [1, 1], [1, 1, 0], [1, 1, 0], [2, 1, 0]]], [[[0], [1], [1, 0], [1, 0], [1, 0], [1, 0], [1, 0]], [[0], [2, 0], [1, 1, 0], [1, 1, 0], [2, 1, 0]]], [[[0], [0], [1, 0], [1, 0], [1, 0], [1, 0], [1, 0]], [[0], [1, 0], [1, 1, 0], [1, 1, 0], [2, 1, 0]]], [[[1, 0], [1, 0], [1, 0], [1, 0], [1, 0], [1, 0]], [[1, 1, 0], [1, 1, 0], [1, 1, 0], [2, 1, 0]]], [[[0], [0], [0], [0], [0], [0], [0], [0], [2], [1, 1, 0]], [[0], [1, 0], [1, 0], [1, 0], [1, 1], [1, 1, 0]]], [[[0], [0], [0], [0], [0], [0], [0], [0], [1], [1, 1, 0]], [[0], [1, 0], [1, 0], [1, 0], [2, 0], [1, 1, 0]]], [[[0], [0], [0], [0], [0], [0], [1], [1, 1], [1, 1, 0]], [[0], [1, 0], [1, 0], [1, 0], [1, 0], [1, 1, 0]]], [[[0], [0], [0], [0], [0], [0], [0], [1, 1], [1, 1, 0]], [[1, 0], [1, 0], [1, 1], [1, 1, 0], [1, 1, 0]]], [[[0], [0], [0], [0], [1], [1, 0], [1, 1], [1, 1, 0]], [[1, 0], [1, 0], [2, 0], [1, 1, 0], [1, 1, 0]]], [[[0], [0], [0], [0], [0], [1, 0], [1, 1], [1, 1, 0]], [[1, 0], [1, 0], [1, 0], [1, 1, 0], [1, 1, 0]]], [[[0], [0], [1], [1, 0], [1, 0], [1, 1], [1, 1, 0]], [[0], [1, 1], [1, 1, 0], [1, 1, 0], [1, 1, 0]]], [[[0], [0], [0], [1, 0], [1, 0], [1, 1], [1, 1, 0]], [[0], [2, 0], [1, 1, 0], [1, 1, 0], [1, 1, 0]]], [[[1], [1, 0], [1, 0], [1, 0], [1, 1], [1, 1, 0]], [[0], [1, 0], [1, 1, 0], [1, 1, 0], [1, 1, 0]]], [[[0], [1, 0], [1, 0], [1, 0], [1, 1], [1, 1, 0]], [[1, 1, 0], [1, 1, 0], [1, 1, 0], [1, 1, 0]]], [[[0], [0], [0], [0], [0], [0], [0], [0], [0], [1, 1, 0]], [[1, 0], [1, 0], [1, 0], [1, 2], [1, 1, 1, 0]]], [[[0], [0], [0], [0], [0], [0], [1], [2, 0], [1, 1, 0]], [[1, 0], [1, 0], [1, 0], [2, 1], [1, 1, 1, 0]]], [[[0], [0], [0], [0], [0], [0], [0], [2, 0], [1, 1, 0]], [[1, 0], [1, 0], [1, 0], [1, 1], [1, 1, 1, 0]]], [[[0], [0], [0], [0], [1], [1, 0], [2, 0], [1, 1, 0]], [[0], [1, 0], [1, 1], [1, 1, 1], [1, 1, 1, 0]]], [[[0], [0], [0], [0], [0], [1, 0], [2, 0], [1, 1, 0]], [[0], [1, 0], [2, 0], [1, 1, 1], [1, 1, 1, 0]]], [[[0], [0], [1], [1, 0], [1, 0], [2, 0], [1, 1, 0]], [[0], [1, 0], [1, 0], [1, 1, 1], [1, 1, 1, 0]]], [[[0], [0], [0], [1, 0], [1, 0], [2, 0], [1, 1, 0]], [[1, 1], [1, 1, 0], [1, 1, 1], [1, 1, 1, 0]]], [[[1], [1, 0], [1, 0], [1, 0], [2, 0], [1, 1, 0]], [[2, 0], [1, 1, 0], [1, 1, 1], [1, 1, 1, 0]]], [[[0], [1, 0], [1, 0], [1, 0], [2, 0], [1, 1, 0]], [[1, 0], [1, 1, 0], [1, 1, 1], [1, 1, 1, 0]]], [[[0], [0], [0], [0], [0], [0], [1], [1, 0], [1, 1, 0]], [[1, 0], [1, 0], [1, 0], [3, 0], [1, 1, 1, 0]]], [[[0], [0], [0], [0], [0], [0], [0], [1, 0], [1, 1, 0]], [[1, 0], [1, 0], [1, 0], [2, 0], [1, 1, 1, 0]]], [[[0], [0], [0], [0], [1], [1, 0], [1, 0], [1, 1, 0]], [[0], [1, 0], [1, 1], [1, 2, 0], [1, 1, 1, 0]]], [[[0], [0], [0], [0], [0], [1, 0], [1, 0], [1, 1, 0]], [[0], [1, 0], [2, 0], [1, 2, 0], [1, 1, 1, 0]]], [[[0], [0], [1], [1, 0], [1, 0], [1, 0], [1, 1, 0]], [[0], [1, 0], [1, 0], [1, 2, 0], [1, 1, 1, 0]]], [[[0], [0], [0], [1, 0], [1, 0], [1, 0], [1, 1, 0]], [[1, 1], [1, 1, 0], [1, 2, 0], [1, 1, 1, 0]]], [[[1], [1, 0], [1, 0], [1, 0], [1, 0], [1, 1, 0]], [[2, 0], [1, 1, 0], [1, 2, 0], [1, 1, 1, 0]]], [[[0], [1, 0], [1, 0], [1, 0], [1, 0], [1, 1, 0]], [[1, 0], [1, 1, 0], [1, 2, 0], [1, 1, 1, 0]]], [[[0], [0], [0], [0], [0], [2], [1, 1, 0], [1, 1, 0]], [[1, 0], [1, 0], [1, 0], [1, 0], [1, 1, 1, 0]]], [[[0], [0], [0], [0], [0], [1], [1, 1, 0], [1, 1, 0]], [[0], [1, 0], [1, 1], [2, 1, 0], [1, 1, 1, 0]]], [[[0], [0], [0], [1], [1, 1], [1, 1, 0], [1, 1, 0]], [[0], [1, 0], [2, 0], [2, 1, 0], [1, 1, 1, 0]]], [[[0], [0], [0], [0], [1, 1], [1, 1, 0], [1, 1, 0]], [[0], [1, 0], [1, 0], [2, 1, 0], [1, 1, 1, 0]]], [[[0], [1], [1, 0], [1, 1], [1, 1, 0], [1, 1, 0]], [[1, 1], [1, 1, 0], [2, 1, 0], [1, 1, 1, 0]]], [[[0], [0], [1, 0], [1, 1], [1, 1, 0], [1, 1, 0]], [[2, 0], [1, 1, 0], [2, 1, 0], [1, 1, 1, 0]]], [[[1, 0], [1, 0], [1, 1], [1, 1, 0], [1, 1, 0]], [[1, 0], [1, 1, 0], [2, 1, 0], [1, 1, 1, 0]]], [[[0], [0], [0], [0], [0], [0], [1, 1, 0], [1, 1, 0]], [[0], [1, 0], [1, 1], [1, 1, 0], [1, 1, 1, 0]]], [[[0], [0], [0], [1], [2, 0], [1, 1, 0], [1, 1, 0]], [[0], [1, 0], [2, 0], [1, 1, 0], [1, 1, 1, 0]]], [[[0], [0], [0], [0], [2, 0], [1, 1, 0], [1, 1, 0]], [[0], [1, 0], [1, 0], [1, 1, 0], [1, 1, 1, 0]]], [[[0], [1], [1, 0], [2, 0], [1, 1, 0], [1, 1, 0]], [[1, 1], [1, 1, 0], [1, 1, 0], [1, 1, 1, 0]]], [[[0], [0], [1, 0], [2, 0], [1, 1, 0], [1, 1, 0]], [[2, 0], [1, 1, 0], [1, 1, 0], [1, 1, 1, 0]]], [[[1, 0], [1, 0], [2, 0], [1, 1, 0], [1, 1, 0]], [[1, 0], [1, 1, 0], [1, 1, 0], [1, 1, 1, 0]]], [[[0], [0], [0], [1], [1, 0], [1, 1, 0], [1, 1, 0]], [[1, 0], [1, 2], [1, 1, 1, 0], [1, 1, 1, 0]]], [[[0], [0], [0], [0], [1, 0], [1, 1, 0], [1, 1, 0]], [[1, 0], [2, 1], [1, 1, 1, 0], [1, 1, 1, 0]]], [[[0], [1], [1, 0], [1, 0], [1, 1, 0], [1, 1, 0]], [[1, 0], [1, 1], [1, 1, 1, 0], [1, 1, 1, 0]]], [[[0], [0], [1, 0], [1, 0], [1, 1, 0], [1, 1, 0]], [[1], [1, 1, 1], [1, 1, 1, 0], [1, 1, 1, 0]]], [[[1, 0], [1, 0], [1, 0], [1, 1, 0], [1, 1, 0]], [[0], [1, 1, 1], [1, 1, 1, 0], [1, 1, 1, 0]]], [[[0], [0], [2], [1, 1, 0], [1, 1, 0], [1, 1, 0]], [[1, 0], [3, 0], [1, 1, 1, 0], [1, 1, 1, 0]]], [[[0], [0], [1], [1, 1, 0], [1, 1, 0], [1, 1, 0]], [[1, 0], [2, 0], [1, 1, 1, 0], [1, 1, 1, 0]]], [[[1], [1, 1], [1, 1, 0], [1, 1, 0], [1, 1, 0]], [[1], [1, 2, 0], [1, 1, 1, 0], [1, 1, 1, 0]]], [[[0], [1, 1], [1, 1, 0], [1, 1, 0], [1, 1, 0]], [[0], [1, 2, 0], [1, 1, 1, 0], [1, 1, 1, 0]]], [[[0], [0], [0], [1, 1, 0], [1, 1, 0], [1, 1, 0]], [[1, 0], [1, 0], [1, 1, 1, 0], [1, 1, 1, 0]]], [[[1], [2, 0], [1, 1, 0], [1, 1, 0], [1, 1, 0]], [[1], [2, 1, 0], [1, 1, 1, 0], [1, 1, 1, 0]]], [[[0], [2, 0], [1, 1, 0], [1, 1, 0], [1, 1, 0]], [[0], [2, 1, 0], [1, 1, 1, 0], [1, 1, 1, 0]]], [[[1], [1, 0], [1, 1, 0], [1, 1, 0], [1, 1, 0]], [[1], [1, 1, 0], [1, 1, 1, 0], [1, 1, 1, 0]]], [[[0], [1, 0], [1, 1, 0], [1, 1, 0], [1, 1, 0]], [[0], [1, 1, 0], [1, 1, 1, 0], [1, 1, 1, 0]]], [[[1, 1, 0], [1, 1, 0], [1, 1, 0], [1, 1, 0]], [[1, 1, 1, 0], [1, 1, 1, 0], [1, 1, 1, 0]]],
[[[0], [0], [0], [0], [0], [0], [0], [0], [0], [0], [0], [0], [2]], [[0], [1, 0], [1, 0], [1, 0], [1, 0], [1, 0], [1, 2]]], [[[0], [0], [0], [0], [0], [0], [0], [0], [0], [0], [0], [0], [1]], [[0], [1, 0], [1, 0], [1, 0], [1, 0], [1, 0], [2, 1]]], [[[0], [0], [0], [0], [0], [0], [0], [0], [0], [0], [1], [1, 1]], [[0], [1, 0], [1, 0], [1, 0], [1, 0], [1, 0], [1, 1]]], [[[0], [0], [0], [0], [0], [0], [0], [0], [0], [0], [0], [1, 1]], [[1, 0], [1, 0], [1, 0], [1, 0], [1, 1], [1, 1, 1]]], [[[0], [0], [0], [0], [0], [0], [0], [0], [1], [1, 0], [1, 1]], [[1, 0], [1, 0], [1, 0], [1, 0], [2, 0], [1, 1, 1]]], [[[0], [0], [0], [0], [0], [0], [0], [0], [0], [1, 0], [1, 1]], [[1, 0], [1, 0], [1, 0], [1, 0], [1, 0], [1, 1, 1]]], [[[0], [0], [0], [0], [0], [0], [1], [1, 0], [1, 0], [1, 1]], [[0], [1, 0], [1, 0], [1, 1], [1, 1, 0], [1, 1, 1]]], [[[0], [0], [0], [0], [0], [0], [0], [1, 0], [1, 0], [1, 1]], [[0], [1, 0], [1, 0], [2, 0], [1, 1, 0], [1, 1, 1]]], [[[0], [0], [0], [0], [1], [1, 0], [1, 0], [1, 0], [1, 1]], [[0], [1, 0], [1, 0], [1, 0], [1, 1, 0], [1, 1, 1]]], [[[0], [0], [0], [0], [0], [1, 0], [1, 0], [1, 0], [1, 1]], [[1, 0], [1, 1], [1, 1, 0], [1, 1, 0], [1, 1, 1]]], [[[0], [0], [1], [1, 0], [1, 0], [1, 0], [1, 0], [1, 1]], [[1, 0], [2, 0], [1, 1, 0], [1, 1, 0], [1, 1, 1]]], [[[0], [0], [0], [1, 0], [1, 0], [1, 0], [1, 0], [1, 1]], [[1, 0], [1, 0], [1, 1, 0], [1, 1, 0], [1, 1, 1]]], [[[1], [1, 0], [1, 0], [1, 0], [1, 0], [1, 0], [1, 1]], [[1], [1, 1, 0], [1, 1, 0], [1, 1, 0], [1, 1, 1]]], [[[0], [1, 0], [1, 0], [1, 0], [1, 0], [1, 0], [1, 1]], [[0], [1, 1, 0], [1, 1, 0], [1, 1, 0], [1, 1, 1]]], [[[0], [0], [0], [0], [0], [0], [0], [0], [0], [0], [0], [0], [0]], [[0], [1, 0], [1, 0], [1, 0], [1, 0], [1, 0], [3, 0]]], [[[0], [0], [0], [0], [0], [0], [0], [0], [0], [0], [1], [2, 0]], [[0], [1, 0], [1, 0], [1, 0], [1, 0], [1, 0], [2, 0]]], [[[0], [0], [0], [0], [0], [0], [0], [0], [0], [0], [0], [2, 0]], [[1, 0], [1, 0], [1, 0], [1, 0], [1, 1], [1, 2, 0]]], [[[0], [0], [0], [0], [0], [0], [0], [0], [1], [1, 0], [2, 0]], [[1, 0], [1, 0], [1, 0], [1, 0], [2, 0], [1, 2, 0]]], [[[0], [0], [0], [0], [0], [0], [0], [0], [0], [1, 0], [2, 0]], [[1, 0], [1, 0], [1, 0], [1, 0], [1, 0], [1, 2, 0]]], [[[0], [0], [0], [0], [0], [0], [1], [1, 0], [1, 0], [2, 0]], [[0], [1, 0], [1, 0], [1, 1], [1, 1, 0], [1, 2, 0]]], [[[0], [0], [0], [0], [0], [0], [0], [1, 0], [1, 0], [2, 0]], [[0], [1, 0], [1, 0], [2, 0], [1, 1, 0], [1, 2, 0]]], [[[0], [0], [0], [0], [1], [1, 0], [1, 0], [1, 0], [2, 0]], [[0], [1, 0], [1, 0], [1, 0], [1, 1, 0], [1, 2, 0]]], [[[0], [0], [0], [0], [0], [1, 0], [1, 0], [1, 0], [2, 0]], [[1, 0], [1, 1], [1, 1, 0], [1, 1, 0], [1, 2, 0]]], [[[0], [0], [1], [1, 0], [1, 0], [1, 0], [1, 0], [2, 0]], [[1, 0], [2, 0], [1, 1, 0], [1, 1, 0], [1, 2, 0]]], [[[0], [0], [0], [1, 0], [1, 0], [1, 0], [1, 0], [2, 0]], [[1, 0], [1, 0], [1, 1, 0], [1, 1, 0], [1, 2, 0]]], [[[1], [1, 0], [1, 0], [1, 0], [1, 0], [1, 0], [2, 0]], [[1], [1, 1, 0], [1, 1, 0], [1, 1, 0], [1, 2, 0]]], [[[0], [1, 0], [1, 0], [1, 0], [1, 0], [1, 0], [2, 0]], [[0], [1, 1, 0], [1, 1, 0], [1, 1, 0], [1, 2, 0]]], [[[0], [0], [0], [0], [0], [0], [0], [0], [0], [0], [1], [1, 0]], [[0], [1, 0], [1, 0], [1, 0], [1, 0], [1, 0], [1, 0]]], [[[0], [0], [0], [0], [0], [0], [0], [0], [0], [0], [0], [1, 0]], [[1, 0], [1, 0], [1, 0], [1, 0], [1, 1], [2, 1, 0]]], [[[0], [0], [0], [0], [0], [0], [0], [0], [1], [1, 0], [1, 0]], [[1, 0], [1, 0], [1, 0], [1, 0], [2, 0], [2, 1, 0]]], [[[0], [0], [0], [0], [0], [0], [0], [0], [0], [1, 0], [1, 0]], [[1, 0], [1, 0], [1, 0], [1, 0], [1, 0], [2, 1, 0]]], [[[0], [0], [0], [0], [0], [0], [1], [1, 0], [1, 0], [1, 0]], [[0], [1, 0], [1, 0], [1, 1], [1, 1, 0], [2, 1, 0]]], [[[0], [0], [0], [0], [0], [0], [0], [1, 0], [1, 0], [1, 0]], [[0], [1, 0], [1, 0], [2, 0], [1, 1, 0], [2, 1, 0]]], [[[0], [0], [0], [0], [1], [1, 0], [1, 0], [1, 0], [1, 0]], [[0], [1, 0], [1, 0], [1, 0], [1, 1, 0], [2, 1, 0]]], [[[0], [0], [0], [0], [0], [1, 0], [1, 0], [1, 0], [1, 0]], [[1, 0], [1, 1], [1, 1, 0], [1, 1, 0], [2, 1, 0]]], [[[0], [0], [1], [1, 0], [1, 0], [1, 0], [1, 0], [1, 0]], [[1, 0], [2, 0], [1, 1, 0], [1, 1, 0], [2, 1, 0]]], [[[0], [0], [0], [1, 0], [1, 0], [1, 0], [1, 0], [1, 0]], [[1, 0], [1, 0], [1, 1, 0], [1, 1, 0], [2, 1, 0]]], [[[1], [1, 0], [1, 0], [1, 0], [1, 0], [1, 0], [1, 0]], [[1], [1, 1, 0], [1, 1, 0], [1, 1, 0], [2, 1, 0]]], [[[0], [1, 0], [1, 0], [1, 0], [1, 0], [1, 0], [1, 0]], [[0], [1, 1, 0], [1, 1, 0], [1, 1, 0], [2, 1, 0]]], [[[0], [0], [0], [0], [0], [0], [0], [0], [0], [2], [1, 1, 0]], [[1, 0], [1, 0], [1, 0], [1, 0], [1, 1], [1, 1, 0]]], [[[0], [0], [0], [0], [0], [0], [0], [0], [0], [1], [1, 1, 0]], [[1, 0], [1, 0], [1, 0], [1, 0], [2, 0], [1, 1, 0]]], [[[0], [0], [0], [0], [0], [0], [0], [1], [1, 1], [1, 1, 0]], [[1, 0], [1, 0], [1, 0], [1, 0], [1, 0], [1, 1, 0]]], [[[0], [0], [0], [0], [0], [0], [0], [0], [1, 1], [1, 1, 0]], [[0], [1, 0], [1, 0], [1, 1], [1, 1, 0], [1, 1, 0]]], [[[0], [0], [0], [0], [0], [1], [1, 0], [1, 1], [1, 1, 0]], [[0], [1, 0], [1, 0], [2, 0], [1, 1, 0], [1, 1, 0]]], [[[0], [0], [0], [0], [0], [0], [1, 0], [1, 1], [1, 1, 0]], [[0], [1, 0], [1, 0], [1, 0], [1, 1, 0], [1, 1, 0]]], [[[0], [0], [0], [1], [1, 0], [1, 0], [1, 1], [1, 1, 0]], [[1, 0], [1, 1], [1, 1, 0], [1, 1, 0], [1, 1, 0]]], [[[0], [0], [0], [0], [1, 0], [1, 0], [1, 1], [1, 1, 0]], [[1, 0], [2, 0], [1, 1, 0], [1, 1, 0], [1, 1, 0]]], [[[0], [1], [1, 0], [1, 0], [1, 0], [1, 1], [1, 1, 0]], [[1, 0], [1, 0], [1, 1, 0], [1, 1, 0], [1, 1, 0]]], [[[0], [0], [1, 0], [1, 0], [1, 0], [1, 1], [1, 1, 0]], [[1], [1, 1, 0], [1, 1, 0], [1, 1, 0], [1, 1, 0]]], [[[1, 0], [1, 0], [1, 0], [1, 0], [1, 1], [1, 1, 0]], [[0], [1, 1, 0], [1, 1, 0], [1, 1, 0], [1, 1, 0]]], [[[0], [0], [0], [0], [0], [0], [0], [0], [0], [0], [1, 1, 0]], [[0], [1, 0], [1, 0], [1, 0], [1, 2], [1, 1, 1, 0]]], [[[0], [0], [0], [0], [0], [0], [0], [1], [2, 0], [1, 1, 0]], [[0], [1, 0], [1, 0], [1, 0], [2, 1], [1, 1, 1, 0]]], [[[0], [0], [0], [0], [0], [0], [0], [0], [2, 0], [1, 1, 0]], [[0], [1, 0], [1, 0], [1, 0], [1, 1], [1, 1, 1, 0]]], [[[0], [0], [0], [0], [0], [1], [1, 0], [2, 0], [1, 1, 0]], [[1, 0], [1, 0], [1, 1], [1, 1, 1], [1, 1, 1, 0]]], [[[0], [0], [0], [0], [0], [0], [1, 0], [2, 0], [1, 1, 0]], [[1, 0], [1, 0], [2, 0], [1, 1, 1], [1, 1, 1, 0]]], [[[0], [0], [0], [1], [1, 0], [1, 0], [2, 0], [1, 1, 0]], [[1, 0], [1, 0], [1, 0], [1, 1, 1], [1, 1, 1, 0]]], [[[0], [0], [0], [0], [1, 0], [1, 0], [2, 0], [1, 1, 0]], [[0], [1, 1], [1, 1, 0], [1, 1, 1], [1, 1, 1, 0]]], [[[0], [1], [1, 0], [1, 0], [1, 0], [2, 0], [1, 1, 0]], [[0], [2, 0], [1, 1, 0], [1, 1, 1], [1, 1, 1, 0]]], [[[0], [0], [1, 0], [1, 0], [1, 0], [2, 0], [1, 1, 0]], [[0], [1, 0], [1, 1, 0], [1, 1, 1], [1, 1, 1, 0]]], [[[1, 0], [1, 0], [1, 0], [1, 0], [2, 0], [1, 1, 0]], [[1, 1, 0], [1, 1, 0], [1, 1, 1], [1, 1, 1, 0]]], [[[0], [0], [0], [0], [0], [0], [0], [1], [1, 0], [1, 1, 0]], [[0], [1, 0], [1, 0], [1, 0], [3, 0], [1, 1, 1, 0]]], [[[0], [0], [0], [0], [0], [0], [0], [0], [1, 0], [1, 1, 0]], [[0], [1, 0], [1, 0], [1, 0], [2, 0], [1, 1, 1, 0]]], [[[0], [0], [0], [0], [0], [1], [1, 0], [1, 0], [1, 1, 0]], [[1, 0], [1, 0], [1, 1], [1, 2, 0], [1, 1, 1, 0]]], [[[0], [0], [0], [0], [0], [0], [1, 0], [1, 0], [1, 1, 0]], [[1, 0], [1, 0], [2, 0], [1, 2, 0], [1, 1, 1, 0]]], [[[0], [0], [0], [1], [1, 0], [1, 0], [1, 0], [1, 1, 0]], [[1, 0], [1, 0], [1, 0], [1, 2, 0], [1, 1, 1, 0]]], [[[0], [0], [0], [0], [1, 0], [1, 0], [1, 0], [1, 1, 0]], [[0], [1, 1], [1, 1, 0], [1, 2, 0], [1, 1, 1, 0]]], [[[0], [1], [1, 0], [1, 0], [1, 0], [1, 0], [1, 1, 0]], [[0], [2, 0], [1, 1, 0], [1, 2, 0], [1, 1, 1, 0]]], [[[0], [0], [1, 0], [1, 0], [1, 0], [1, 0], [1, 1, 0]], [[0], [1, 0], [1, 1, 0], [1, 2, 0], [1, 1, 1, 0]]], [[[1, 0], [1, 0], [1, 0], [1, 0], [1, 0], [1, 1, 0]], [[1, 1, 0], [1, 1, 0], [1, 2, 0], [1, 1, 1, 0]]], [[[0], [0], [0], [0], [0], [0], [2], [1, 1, 0], [1, 1, 0]], [[0], [1, 0], [1, 0], [1, 0], [1, 0], [1, 1, 1, 0]]], [[[0], [0], [0], [0], [0], [0], [1], [1, 1, 0], [1, 1, 0]], [[1, 0], [1, 0], [1, 1], [2, 1, 0], [1, 1, 1, 0]]], [[[0], [0], [0], [0], [1], [1, 1], [1, 1, 0], [1, 1, 0]], [[1, 0], [1, 0], [2, 0], [2, 1, 0], [1, 1, 1, 0]]], [[[0], [0], [0], [0], [0], [1, 1], [1, 1, 0], [1, 1, 0]], [[1, 0], [1, 0], [1, 0], [2, 1, 0], [1, 1, 1, 0]]], [[[0], [0], [1], [1, 0], [1, 1], [1, 1, 0], [1, 1, 0]], [[0], [1, 1], [1, 1, 0], [2, 1, 0], [1, 1, 1, 0]]], [[[0], [0], [0], [1, 0], [1, 1], [1, 1, 0], [1, 1, 0]], [[0], [2, 0], [1, 1, 0], [2, 1, 0], [1, 1, 1, 0]]], [[[1], [1, 0], [1, 0], [1, 1], [1, 1, 0], [1, 1, 0]], [[0], [1, 0], [1, 1, 0], [2, 1, 0], [1, 1, 1, 0]]], [[[0], [1, 0], [1, 0], [1, 1], [1, 1, 0], [1, 1, 0]], [[1, 1, 0], [1, 1, 0], [2, 1, 0], [1, 1, 1, 0]]], [[[0], [0], [0], [0], [0], [0], [0], [1, 1, 0], [1, 1, 0]], [[1, 0], [1, 0], [1, 1], [1, 1, 0], [1, 1, 1, 0]]], [[[0], [0], [0], [0], [1], [2, 0], [1, 1, 0], [1, 1, 0]], [[1, 0], [1, 0], [2, 0], [1, 1, 0], [1, 1, 1, 0]]], [[[0], [0], [0], [0], [0], [2, 0], [1, 1, 0], [1, 1, 0]], [[1, 0], [1, 0], [1, 0], [1, 1, 0], [1, 1, 1, 0]]], [[[0], [0], [1], [1, 0], [2, 0], [1, 1, 0], [1, 1, 0]], [[0], [1, 1], [1, 1, 0], [1, 1, 0], [1, 1, 1, 0]]], [[[0], [0], [0], [1, 0], [2, 0], [1, 1, 0], [1, 1, 0]], [[0], [2, 0], [1, 1, 0], [1, 1, 0], [1, 1, 1, 0]]], [[[1], [1, 0], [1, 0], [2, 0], [1, 1, 0], [1, 1, 0]], [[0], [1, 0], [1, 1, 0], [1, 1, 0], [1, 1, 1, 0]]], [[[0], [1, 0], [1, 0], [2, 0], [1, 1, 0], [1, 1, 0]], [[1, 1, 0], [1, 1, 0], [1, 1, 0], [1, 1, 1, 0]]], [[[0], [0], [0], [0], [1], [1, 0], [1, 1, 0], [1, 1, 0]], [[0], [1, 0], [1, 2], [1, 1, 1, 0], [1, 1, 1, 0]]], [[[0], [0], [0], [0], [0], [1, 0], [1, 1, 0], [1, 1, 0]], [[0], [1, 0], [2, 1], [1, 1, 1, 0], [1, 1, 1, 0]]], [[[0], [0], [1], [1, 0], [1, 0], [1, 1, 0], [1, 1, 0]], [[0], [1, 0], [1, 1], [1, 1, 1, 0], [1, 1, 1, 0]]], [[[0], [0], [0], [1, 0], [1, 0], [1, 1, 0], [1, 1, 0]], [[1, 1], [1, 1, 1], [1, 1, 1, 0], [1, 1, 1, 0]]], [[[1], [1, 0], [1, 0], [1, 0], [1, 1, 0], [1, 1, 0]], [[2, 0], [1, 1, 1], [1, 1, 1, 0], [1, 1, 1, 0]]], [[[0], [1, 0], [1, 0], [1, 0], [1, 1, 0], [1, 1, 0]], [[1, 0], [1, 1, 1], [1, 1, 1, 0], [1, 1, 1, 0]]], [[[0], [0], [0], [2], [1, 1, 0], [1, 1, 0], [1, 1, 0]], [[0], [1, 0], [3, 0], [1, 1, 1, 0], [1, 1, 1, 0]]], [[[0], [0], [0], [1], [1, 1, 0], [1, 1, 0], [1, 1, 0]], [[0], [1, 0], [2, 0], [1, 1, 1, 0], [1, 1, 1, 0]]], [[[0], [1], [1, 1], [1, 1, 0], [1, 1, 0], [1, 1, 0]], [[1, 1], [1, 2, 0], [1, 1, 1, 0], [1, 1, 1, 0]]], [[[0], [0], [1, 1], [1, 1, 0], [1, 1, 0], [1, 1, 0]], [[2, 0], [1, 2, 0], [1, 1, 1, 0], [1, 1, 1, 0]]], [[[1, 0], [1, 1], [1, 1, 0], [1, 1, 0], [1, 1, 0]], [[1, 0], [1, 2, 0], [1, 1, 1, 0], [1, 1, 1, 0]]], [[[0], [0], [0], [0], [1, 1, 0], [1, 1, 0], [1, 1, 0]], [[0], [1, 0], [1, 0], [1, 1, 1, 0], [1, 1, 1, 0]]], [[[0], [1], [2, 0], [1, 1, 0], [1, 1, 0], [1, 1, 0]], [[1, 1], [2, 1, 0], [1, 1, 1, 0], [1, 1, 1, 0]]], [[[0], [0], [2, 0], [1, 1, 0], [1, 1, 0], [1, 1, 0]], [[2, 0], [2, 1, 0], [1, 1, 1, 0], [1, 1, 1, 0]]], [[[1, 0], [2, 0], [1, 1, 0], [1, 1, 0], [1, 1, 0]], [[1, 0], [2, 1, 0], [1, 1, 1, 0], [1, 1, 1, 0]]], [[[0], [1], [1, 0], [1, 1, 0], [1, 1, 0], [1, 1, 0]], [[1, 1], [1, 1, 0], [1, 1, 1, 0], [1, 1, 1, 0]]], [[[0], [0], [1, 0], [1, 1, 0], [1, 1, 0], [1, 1, 0]], [[2, 0], [1, 1, 0], [1, 1, 1, 0], [1, 1, 1, 0]]], [[[1, 0], [1, 0], [1, 1, 0], [1, 1, 0], [1, 1, 0]], [[1, 0], [1, 1, 0], [1, 1, 1, 0], [1, 1, 1, 0]]], [[[2], [1, 1, 0], [1, 1, 0], [1, 1, 0], [1, 1, 0]], [[2], [1, 1, 1, 0], [1, 1, 1, 0], [1, 1, 1, 0]]], [[[1], [1, 1, 0], [1, 1, 0], [1, 1, 0], [1, 1, 0]], [[1], [1, 1, 1, 0], [1, 1, 1, 0], [1, 1, 1, 0]]], [[[0], [1, 1, 0], [1, 1, 0], [1, 1, 0], [1, 1, 0]], [[0], [1, 1, 1, 0], [1, 1, 1, 0], [1, 1, 1, 0]]],
seq(end_of_list_3,i=1..0)]:
diff_list_when_ell2_equals[4]:=[
[[],[]],
[[[3]], [[3]]], [[[2]], [[2]]], [[[1]], [[1]]], [[[0]], [[0]]],
[[[0], [3]], [[1, 3]]], [[[0], [2]], [[2, 2]]], [[[1, 2]], [[1, 2]]], [[[0], [1]], [[3, 1]]], [[[2, 1]], [[2, 1]]],
[[[1, 1]], [[1, 1]]], [[[0], [0]], [[4, 0]]], [[[3, 0]], [[3, 0]]], [[[2, 0]], [[2, 0]]], [[[1, 0]], [[1, 0]]],
[[[0], [0], [3]], [[0], [1, 3]]], [[[0], [0], [2]], [[0], [2, 2]]], [[[1], [1, 2]], [[0], [1, 2]]], [[[0], [1, 2]], [[1, 1, 2]]], [[[0], [0], [1]], [[0], [3, 1]]], [[[1], [2, 1]], [[0], [2, 1]]], [[[0], [2, 1]], [[1, 2, 1]]], [[[0], [1, 1]], [[2, 1, 1]]], [[[1, 1, 1]], [[1, 1, 1]]], [[[1], [3, 0]], [[0], [3, 0]]], [[[0], [3, 0]], [[1, 3, 0]]], [[[1], [2, 0]], [[0], [2, 0]]], [[[0], [2, 0]], [[2, 2, 0]]], [[[1, 2, 0]], [[1, 2, 0]]], [[[1], [1, 0]], [[0], [1, 0]]], [[[0], [1, 0]], [[3, 1, 0]]], [[[2, 1, 0]], [[2, 1, 0]]], [[[1, 1, 0]], [[1, 1, 0]]],
seq(end_of_list,i=1..0)]:
diff_list_when_ell2_equals[5]:=[
[[],[]],
[[[4]], [[4]]], [[[3]], [[3]]], [[[2]], [[2]]], [[[1]], [[1]]], [[[0]], [[0]]],
seq(end_of_list_4,i=1..0)]:

for i in indices(diff_list_when_ell2_equals) do
 if diff_list_when_ell2_equals[op(i)][1]<>[[],[]] then
  error "you're missing [[],[]]";
 fi;
od;